synthetic_plant_0	7
-0.2175967 -0.197996 0.3890347
-0.3266242 -0.1499821 -0.1397626
0.2493062 0.394117 -0.1112445
-0.1454347 0.2500716 0.2032795
0.3791175 0.0188154 -0.1475051
-0.2207308 -0.01506409 -0.2565699
0.3399972 -0.2424664 0.1936255
synthetic_plant_1	12
0.4250472 -0.02875313 -0.204105
0.3020099 -0.1181091 -0.08180133
-0.06036499 -0.3491971 -0.2201999
0.001962721 0.003126919 -0.152251
-0.02031612 -0.3601303 -0.02928832
0.3734319 -0.2125429 -0.00761795
-0.1636186 -0.2955496 0.266434
0.2882276 0.1126812 -0.229407
-0.2072223 0.2957444 0.2354701
0.1302812 0.444467 0.1226081
-0.2225489 0.3137351 -0.1442508
-0.04170763 -0.1393877 0.02460849
synthetic_plant_2	13
-0.1021589 -0.2211942 0.009240091
0.07485092 0.2749923 0.3940129
0.2944908 -0.1326006 -0.004902452
-0.1033724 0.09287292 0.470177
0.2089099 0.1006303 0.2897686
-0.08659735 0.04586202 0.192173
0.01767415 -0.07349095 0.07057142
-0.2689449 -0.06265041 -0.3566169
0.2983486 -0.05705565 0.05684507
-0.1910557 -0.08336976 0.01995641
-0.272082 -0.01755744 -0.01305836
-0.07724488 0.003451586 -0.1274163
-0.214052 0.3314797 -0.3019017
synthetic_plant_3	9
0.009022713 -0.4068926 0.1967472
0.3890573 -0.1032191 -0.0447613
-0.2150344 0.2674894 -0.2364348
-0.4104602 0.1672664 0.2167026
-0.03181717 0.01429868 -0.07558832
0.3948646 0.2390288 0.1348518
0.1305706 -0.009516716 -0.2781889
0.2611484 0.2367706 0.03721339
0.2037329 -0.02499297 -0.1346946
synthetic_plant_4	13
-0.2197062 -0.3062664 0.003754616
0.05369145 -0.3112805 -0.2153368
0.3694115 0.2472426 0.1311176
-0.3740318 -0.2370551 -0.1150886
-0.3527154 0.28684 0.1941855
-0.3560472 0.1032165 0.0691089
0.04619384 -0.1500913 -0.1696058
-0.1720901 0.3551244 0.1287127
0.3154415 0.3426863 0.05056536
-0.1443941 0.4125431 0.2230309
0.1326606 0.07679433 -0.1229416
-0.343114 -0.2565985 -0.1893434
-0.1602773 0.1221268 0.4161373
synthetic_plant_5	12
-0.1542154 0.3584613 -0.1493526
-0.1483325 -0.4051667 -0.04986411
-0.2266001 0.4391634 0.05655795
0.007994533 0.1301591 -0.255779
0.04884517 0.231504 0.02513969
-0.1931709 0.1327732 -0.04855514
-0.02583387 -0.2088266 -0.3304691
-0.04742581 -0.1003411 -0.4143843
-0.1889262 -0.2784731 -0.3091239
0.3268381 -0.1301664 0.1001163
0.2174449 -0.1150554 -0.3738143
0.3707209 -0.2613891 -0.1279296
synthetic_plant_6	13
0.03198665 -0.08142981 -0.4765308
-0.2383399 -0.2998237 0.1390208
0.3987975 0.2809119 0.09780753
0.4567164 0.06981015 -0.1471579
0.08215696 -0.02789524 0.4748286
-0.2919496 0.3246119 -0.1907951
0.332588 -0.0178757 0.05449623
-0.01574746 0.1860107 -0.198445
-0.05631256 -0.2757018 -0.3977474
-0.2829018 -0.2396776 -0.3128952
0.1548353 -0.2356382 -0.34386
-0.04860327 -0.2861218 0.1307933
0.05727935 -0.2227213 0.05785662
synthetic_plant_7	12
0.3486375 -0.2938325 -0.1456521
0.1089138 0.4421892 -0.1115183
0.3219616 -0.3613864 -0.00123173
-0.2660994 0.01866239 -0.1165875
-0.05660945 -0.3822301 -0.2872974
0.2873399 0.2274932 -0.2215177
0.2657025 0.02061582 0.1304565
-0.1807915 -0.3565808 0.03589356
0.3692737 -0.1456481 0.1299724
0.3187539 0.01303262 -0.001594722
-0.3297994 -0.2522054 -0.0345543
0.1983234 0.3751002 -0.1323703
synthetic_plant_8	13
0.1361399 0.3424386 0.1587495
-0.1512132 0.1357514 0.4476527
-0.05368438 0.3379591 -0.10729
0.1850783 -0.1102018 -0.1289007
-0.09696671 -0.1557892 -0.2873257
-0.1678305 0.2761342 0.1004784
-0.2401112 0.1653793 0.3457345
0.145138 -0.4064006 -0.1702534
0.1745892 0.1909602 0.05276585
0.02773631 0.3844542 0.1627101
0.3621791 0.07139069 -0.1759643
-0.2956401 0.1001858 -0.2088502
-0.3350419 0.1009865 -0.1746086
synthetic_plant_9	5
-0.2518802 0.03231895 -0.1316522
0.2963673 0.08007902 -0.03692731
0.1610715 -0.1889621 0.2521241
-0.2481469 -0.2144752 -0.2604846
-0.1079836 -0.1606707 -0.1870638
synthetic_plant_10	13
-0.1467649 0.05508822 -0.4577844
0.3080141 0.2731863 0.2297767
0.1631225 0.2433834 0.2985437
-0.4381833 0.04469997 -0.0635716
0.2788089 -0.2716005 -0.1994244
-0.1594296 -0.1414368 0.1668451
-0.01908785 0.412541 -0.1965234
-0.09156835 0.04790717 -0.4376196
-0.07322708 -0.1950767 -0.1112876
0.2805972 0.2194923 0.03947467
-0.1190568 -0.1169039 -0.4535861
0.1673467 0.1734672 0.3141022
0.2165744 0.3411738 -0.1391055
synthetic_plant_11	14
0.1806679 0.08620942 -0.1543552
0.05598235 -0.06737363 0.1702847
-0.06607455 -0.1629993 0.2167797
0.3298911 0.2248929 -0.05415946
-0.3314859 0.0837552 -0.1505977
0.1151527 0.3076453 -0.2712625
-0.2227842 0.1271745 0.1122766
0.06447035 0.2991447 -0.1960333
-0.2083779 -0.1787316 0.3528961
0.1089419 0.3109151 0.03984725
0.04245436 0.3509914 -0.3020991
-0.4618717 0.01501423 0.1021236
0.2784125 0.188553 -0.2374805
-0.1891294 0.2978927 -0.199002
synthetic_plant_12	5
0.02691859 0.2179878 -0.2600694
-0.2465364 -0.2478388 0.02194017
0.1767091 0.4399992 0.01903331
0.3755687 0.2233541 -0.2312431
0.08089161 -0.1757331 -0.2278631
synthetic_plant_13	6
-0.2674816 0.1744158 -0.3497585
0.1442495 0.3458197 -0.2175826
0.2892627 0.2241001 -0.1331364
0.01758975 0.03239131 -0.3467715
0.1978608 -0.2021673 0.1252795
0.09873509 -0.02913079 0.355699
synthetic_plant_14	11
0.1674183 -0.1810834 -0.1177538
0.1794542 0.3952401 -0.2043048
-0.3129984 0.1931696 -0.1837028
-0.04005986 -0.06845605 -0.07146856
0.1358526 0.05593318 -0.3165987
-0.4121372 0.07734841 0.2350363
0.4880457 -0.04364279 -0.05784479
-0.2713386 -0.1688218 0.1445038
-0.2893771 0.2409847 -0.2869118
-0.08902431 -0.2181515 -0.1513881
0.07531941 -0.01507366 0.4181375
synthetic_plant_15	8
-0.2843556 -0.03890947 0.1902927
0.04695529 -0.06007162 0.3873991
-0.03561312 0.1060982 -0.1219288
-0.04596382 -0.2862157 -0.3137875
-0.1466015 0.05413353 0.2576365
0.2227092 -0.1468894 -0.2844343
-0.2921891 -0.05811086 -0.3707573
0.05304033 0.03585428 -0.240548
synthetic_plant_16	14
-0.3841773 -0.04855636 -0.06099394
-0.1152675 -0.1087433 -0.08198515
-0.03480306 -0.06729725 0.009307981
-0.1973142 0.3927021 -0.1837609
-0.2471446 -0.324903 -0.05496281
0.05200648 0.03721339 0.2786015
0.09321886 -0.0897193 -0.1589895
-0.1120296 0.3775954 -0.09364742
0.09961951 0.03626025 -0.003279686
-0.1098877 -0.183092 -0.0993439
-0.1461 0.1558591 -0.1086592
-0.4059133 0.04466236 0.0800913
-0.1590746 0.07963818 0.03761786
-0.1841324 0.3368855 -0.0414772
synthetic_plant_17	7
-0.06146404 0.3813508 -0.07229877
0.1684331 -0.3621781 -0.2977923
0.3721101 -0.3264521 0.003201604
0.03943139 0.4409934 0.07413822
0.1852719 0.1686435 -0.3394174
0.1628757 0.3326868 0.1271881
-0.2183797 0.02489048 -0.0375157
synthetic_plant_18	14
-0.2164364 0.01606476 -0.1252387
-0.147502 0.4354154 0.1948184
0.1410086 -0.3562167 -0.03617871
-0.1639649 -0.3658066 0.05290627
0.2610077 0.1356889 -0.2060206
0.1665421 -0.2227677 -0.323736
0.2873744 -0.132849 -0.256462
-0.1939006 0.201826 0.2625934
-0.01883334 0.3073616 -0.1455394
-0.4694178 0.002807736 -0.01858228
0.03408271 0.3960278 -0.006202668
-0.3273366 -0.1635322 -0.05473676
0.3913029 -0.0001535416 0.1309168
-0.2033644 0.06718129 0.1186558
synthetic_plant_19	6
0.0968684 -0.4290195 -0.1605302
-0.3641152 0.01323885 -0.224797
0.01643884 -0.3455032 0.05461633
-0.4514903 -0.1059007 -0.1048354
0.1315178 -0.3031949 0.07141745
0.3972419 -0.09625253 0.213239
synthetic_plant_20	5
-0.09001988 0.4325801 0.1625743
0.1685117 0.4070168 0.03390568
-0.1486115 0.2313973 0.3757504
0.0558899 0.3080698 0.3641574
-0.2926551 -0.2070209 0.2037997
synthetic_plant_21	12
-0.2580954 0.1956697 -0.3371035
-0.1354546 -0.1496021 -0.08125401
-0.05703306 -0.3950032 -0.09738681
-0.2202635 -0.02105474 0.3097842
0.3420743 -0.09016129 -0.04918236
0.4092361 -0.02388057 0.02355242
0.04607528 -0.2282832 -0.2917357
-0.3096534 0.1482171 -0.1194863
-0.423061 -0.1165566 -0.1987515
0.03103101 -0.07083052 -0.3453564
-0.114823 -0.3180989 0.09969932
0.4519826 0.1969459 -0.05081522
synthetic_plant_22	12
0.1821057 0.3082708 -0.3361811
0.258274 -0.0972183 -0.0193713
0.1467785 0.004676402 0.3801667
-0.2306201 -0.309137 0.1819878
-0.1090413 -0.3765043 0.140626
0.4688951 0.0722087 -0.150279
0.4660866 0.09010041 -0.1261584
-0.2660255 0.06708694 -0.3553712
-0.1358615 0.05208182 0.1931971
0.1176144 0.2740857 0.2966303
0.3304995 0.2302544 -0.1032229
0.3105026 0.2999661 -0.2293833
synthetic_plant_23	9
-0.1227584 -0.05480039 0.2283623
-0.1680489 0.1809753 -0.2552648
0.378619 -0.0160937 -0.2314692
-0.02513024 -0.2732872 -0.2524326
-0.007319897 0.2155117 0.2285976
0.05699426 0.2329583 0.1994688
-0.05710432 0.4764666 0.1298665
-0.0261533 0.4126837 0.07671291
-0.04629377 0.1695582 0.1124858
synthetic_plant_24	13
0.3990794 -0.1624415 0.0760569
0.1025965 -0.1241505 -0.1104691
-0.02819991 -0.3602625 -0.1951119
0.1573704 -0.2268633 -0.1956685
0.02095681 -0.2277648 -0.1750306
0.3091692 -0.1935816 -0.2212944
0.0867871 0.1811314 0.2553264
-0.3557714 -0.02168864 -0.3111383
0.1218863 -0.160497 0.1983993
-0.1198388 -0.2708263 0.256203
-0.1000793 0.279379 0.2354152
0.1413888 -0.4432611 0.07948703
-0.08915976 -0.08231303 -0.04718423
synthetic_plant_25	7
0.1909961 -0.287408 -0.3462309
0.2437897 0.3545049 -0.05828425
-0.2598459 -0.2413968 -0.1477165
-0.2502501 -0.01997551 0.2234362
-0.2882284 -0.07359535 0.158596
-0.3135231 0.1085508 0.2736984
-0.007474273 0.2192541 0.1917737
synthetic_plant_26	9
0.0240612 -0.03083497 0.2395878
0.3378972 0.1174676 -0.03484499
-0.02862084 0.1621517 0.4002912
-0.2031752 -0.203012 0.01172531
0.2097306 0.1680084 0.01974547
0.3170369 -0.1960897 -0.1800539
0.1724213 0.1374961 -0.3178226
-0.0668245 0.0009549856 0.1805223
0.2949097 -0.3084161 -0.1082084
synthetic_plant_27	7
-0.2023548 -0.1112598 -0.2065168
0.2373079 0.03073877 0.2036338
-0.263294 0.2197877 0.3008097
-0.04110494 0.4488779 -0.140682
-0.1662807 0.08506894 0.2114177
0.05853575 -0.1376281 0.3320463
-0.1767807 0.3250827 -0.07364786
synthetic_plant_28	8
-0.2670446 -0.3534341 -0.114677
0.09623283 -0.1852588 0.2029958
-0.168927 0.2980911 -0.03301266
0.4388466 -0.05517036 -0.08517247
-0.1791862 0.1341285 0.1897629
-0.2777978 -0.001185924 -0.2273733
-0.0149588 -0.3343171 -0.2414677
-0.07760701 0.1912004 0.2735089
synthetic_plant_29	14
-0.01259404 0.3142079 -0.03111693
0.2935982 0.3857068 -0.06204793
-0.4598692 0.0899266 0.02735668
-0.139998 -0.1966789 0.2261631
0.4326001 -0.01995549 -0.04793951
0.1351159 0.1081353 0.1497587
0.03708339 -0.1751409 -0.0288353
-0.3273525 -0.1631049 0.2987641
0.1592866 -0.318751 0.02426463
0.1162829 0.05664659 0.3767696
0.1944355 -0.1582644 0.04549062
0.2631255 -0.1430322 0.08467859
0.0337072 0.01706249 0.4165047
0.1072448 0.09441894 -0.1404874
synthetic_plant_30	14
0.05510384 0.03269535 -0.1150637
-0.05247691 0.04446352 0.455522
0.01119894 -0.3858822 0.2759376
-0.05868921 -0.02007964 -0.4279784
-0.3997457 0.1269835 -0.173758
-0.1900574 -0.181545 0.3869224
-0.2673077 -0.3234533 0.2180727
0.3149264 0.2815454 -0.04478654
-0.3829318 0.06098121 0.2051447
0.4200583 0.1914216 -0.1514969
-0.05661321 -0.04580033 0.3615801
0.2216194 -0.2743467 0.2710441
-0.2428309 0.2978299 0.2016403
0.3347329 0.1062075 -0.1887434
synthetic_plant_31	5
-0.3785771 -0.1664801 0.2627615
-0.007845491 0.1039932 -0.2655408
0.03352445 0.0003808737 0.2695057
-0.04946867 -0.05430084 0.351424
-0.03457585 -0.07456726 -0.4898192
synthetic_plant_32	10
-0.05546287 -0.2119043 -0.2825265
-0.07262063 -0.2168619 -0.2748653
0.07103962 -0.4037455 -0.1791448
0.4717434 -0.05137506 -0.04482752
0.0725621 0.08236146 -0.2897192
0.04542297 0.3344617 -0.3148196
0.1293196 -0.3416264 -0.1043217
0.1135149 0.01620984 0.08015311
-0.4256758 -0.04786882 0.1734667
-0.03142154 -0.1912138 -0.188919
synthetic_plant_33	7
0.2326139 -0.2563227 0.3203955
-0.3213321 -0.07934186 -0.254071
-0.007586569 -0.3401251 -0.1054616
-0.05703497 0.2663949 0.3317255
-0.1033338 0.1203226 -0.4064899
0.0720675 -0.2887397 0.1288373
0.04588062 0.3827344 0.2001929
synthetic_plant_34	14
0.05646354 0.04020399 -0.4858186
0.2596672 0.03265631 -0.1428424
-0.0811936 0.01269841 0.3025228
0.129869 0.08211333 0.0548085
0.3937663 -0.1964247 -0.2285676
-0.08391058 -0.4732854 0.01948071
0.003556669 0.191387 0.3365275
0.2317465 0.2426983 0.2481813
-0.01425943 0.2734495 0.2837855
-0.0555293 -0.2638052 -0.4122909
0.182085 -0.2255293 0.356407
0.1670585 0.2450841 0.1973903
-0.06215948 -0.2609341 0.04265368
-0.1858765 0.09935081 -0.1458808
synthetic_plant_35	6
0.3154297 -0.1161888 -0.3187662
0.1002877 -0.2299831 0.067958
0.3907131 0.03156269 0.06671476
-0.03270507 0.308569 0.1776896
-0.07612336 0.02555561 0.3125849
0.00532639 0.04487568 -0.4681548
synthetic_plant_36	5
0.213661 -0.1099323 -0.07745802
0.007424057 0.08605742 0.2879502
0.2709036 0.1657192 0.3060791
-0.07818466 -0.1416903 0.1189036
0.04885185 0.1938639 -0.1255727
synthetic_plant_37	12
-0.172533 -0.1214814 0.2346568
-0.1370241 -0.2652883 -0.01208875
0.1373401 -0.3104702 0.1447475
0.4018186 0.1336664 0.1462909
-0.2075095 -0.2647852 0.04734135
-0.2615433 0.3038068 -0.07983279
0.06952709 0.02898908 0.4809147
0.07989782 0.2948068 0.1656535
0.02764547 -0.02026919 0.4852319
-0.2899914 -0.07576501 -0.06083861
0.2209421 -0.1988066 0.2768806
-0.4747291 -0.04598007 0.04492915
synthetic_plant_38	8
0.04608274 0.4340434 -0.092186
0.2610486 0.2777895 0.2135757
-0.1053302 0.3813217 -0.08490708
-0.2137649 0.222862 -0.2470404
-0.2860817 0.04654145 -0.08443817
0.1555927 -0.1046212 0.1237825
0.230276 0.3274029 -0.03198987
0.4603577 0.01352489 0.1226379
synthetic_plant_39	12
0.1417958 -0.04096776 0.2661641
0.3616589 0.09318304 -0.07351899
0.2247244 0.2526096 0.283187
0.1105299 -0.3009731 -0.23221
0.3231598 0.04788911 -0.05721667
0.03117996 -0.1272134 -0.2554573
0.3241332 -0.1730242 0.1570466
-0.1951398 0.1487911 -0.1034086
-0.01963395 -0.4201564 -0.1110384
-0.1347068 -0.4121009 0.2360488
0.08749187 -0.02076542 0.1606959
-0.2374532 -0.1874936 -0.1925259
synthetic_plant_40	15
0.2819747 0.0827443 0.3657537
-0.3736638 -0.187414 0.08765417
-0.2910047 0.2709345 0.1947536
0.09710515 0.01476538 0.1152518
-0.2376378 -0.03587714 0.2627047
-0.01217911 0.2020946 -0.1349405
-0.1305726 0.1845079 0.0924387
0.188291 0.05149144 -0.4424493
-0.156384 0.03601778 0.02581543
-0.01996839 0.1668878 0.05519009
-0.03425631 0.08953345 0.3525417
0.1081164 -0.0853731 -0.303884
-0.4591853 0.07294661 0.102109
0.1341789 0.4187613 0.1144243
-0.05511686 -0.3629289 0.2865605
synthetic_plant_41	15
0.03446168 0.2210504 -0.01002476
-0.05769333 -0.2812409 -0.3555819
-0.1293488 -0.003160417 0.1938179
0.05535358 0.2177078 0.2904865
-0.1632386 0.3857295 -0.05186543
0.3777353 -0.07198474 0.2708334
0.3362465 0.1147777 -0.1455239
0.4718133 -0.08367398 0.00554955
-0.2205735 0.04562438 0.1119382
-0.2023233 0.06630552 0.04677004
-0.1899772 -0.06157759 -0.1517639
0.2798889 0.002480686 -0.3824557
0.06223255 -0.190945 0.07117695
0.1686721 -0.2580024 0.1038058
-0.3385921 0.04457468 -0.01049766
synthetic_plant_42	11
0.431494 0.1781811 0.05203867
-0.2970181 0.2112533 0.3271702
-0.01613528 0.1034938 -0.4556786
-0.3141656 0.1856152 0.1741413
0.049676 0.1850514 -0.3151355
-0.21409 -0.4361686 -0.07721335
0.1148938 -0.1953717 0.0240398
-0.2052085 -0.1709789 -0.3621905
-0.4178368 0.006907284 0.01893759
-0.2463783 -0.1810508 0.0280906
-0.3545122 -0.07193258 -0.226292
synthetic_plant_43	7
-0.04894271 0.234106 0.3408963
-0.3129715 -0.2866709 -0.2019249
0.4544552 -0.06527442 0.03291917
0.1237282 0.3630569 -0.09743056
0.2027652 -0.4122886 0.09149265
0.01188052 -0.4679003 -0.121389
-0.03928238 0.2756822 0.2615832
synthetic_plant_44	14
0.2766543 0.2641349 0.1680039
0.3982046 0.178742 -0.0334703
-0.2873867 -0.1468851 0.02596378
0.2124442 0.1794233 -0.1742046
-0.2023611 0.09899628 0.2386245
0.2649891 0.03461695 -0.3019452
0.1687866 0.2099603 -0.1910765
-0.3338671 -0.05206722 -0.1313971
0.297644 -0.0174695 0.1902078
0.2119206 0.06618994 -0.1661682
-0.1070205 -0.3648657 -0.0313414
-0.2666237 -0.1927587 0.2360171
0.2510712 0.3418089 -0.06415251
0.1298295 -0.01248237 -0.4215648
synthetic_plant_45	8
-0.07282528 0.2882406 0.3847771
0.1898484 -0.2602867 -0.05723557
0.03972858 0.04860294 0.01902252
-0.005019933 0.3240451 -0.3595807
0.3718283 0.07665586 -0.2444629
0.3325623 -0.1604419 -0.2011132
0.02993691 0.08699775 0.1030952
0.1708741 0.4010643 -0.04880041
synthetic_plant_46	5
-0.1662782 -0.1738665 0.3938851
-0.08011761 -0.01524571 0.275642
-0.09800521 0.1330141 0.01098526
-0.02666539 -0.3039786 0.0002289414
0.2345297 0.1716825 -0.03344092
synthetic_plant_47	8
0.1543833 0.3878385 -0.04633152
-0.3048682 0.2691708 0.002275705
0.3341976 -0.1657357 -0.0439457
0.2602635 -0.2699691 0.2306446
-0.02399197 -0.2941537 0.2200821
0.03322601 0.06859529 -0.2917263
-0.2044157 -0.1418327 -0.3738838
-0.09374201 -0.325035 0.1880729
synthetic_plant_48	7
0.07088637 -0.03196537 0.3665734
0.0004836321 -0.1171046 -0.2094046
-0.276817 0.20559 -0.05993253
-0.2811926 0.3341314 0.07383543
0.03160185 0.1086527 0.4068096
0.197435 0.3126737 0.1769032
0.2938634 0.08033711 0.3610881
synthetic_plant_49	5
0.06671196 0.2985644 0.2989506
-0.2078102 0.285331 -0.2056754
-0.1249865 -0.3817534 -0.1255229
0.224357 -0.3722276 -0.1304872
-0.08601591 0.3055689 0.2182214
synthetic_plant_50	9
0.3870119 -0.2078241 -0.07265189
-0.3199865 0.03954875 -0.359473
-0.01907718 0.192693 -0.158027
0.01173061 0.3368316 0.2009866
0.443381 0.1997951 -0.1055228
-0.01571268 -0.1288674 -0.4700608
-0.08259651 0.02223784 -0.2841517
-0.3118198 -0.1573173 -0.1637174
-0.4733794 0.06010854 0.1281806
synthetic_plant_51	5
0.07485437 0.0759396 0.3252135
0.06205779 -0.1523306 0.1036518
-0.0553591 -0.1939899 -0.3330053
0.02705675 -0.2291712 0.1112719
0.3472486 -0.1520877 -0.1183048
synthetic_plant_52	10
0.3572982 0.2015918 -0.2653803
0.3647686 0.05730879 -0.1897921
-0.3534064 -0.06237575 -0.3062502
-0.3116452 -0.02933061 0.007483482
0.1636212 0.03989446 -0.05529159
-0.3896628 -0.2060056 0.07482326
0.05528027 0.06080365 -0.1141471
0.2039071 0.1709252 -0.02108088
-0.3333758 0.2824806 -0.1786934
0.2133297 -0.05823615 -0.1175986
synthetic_plant_53	13
0.2720953 -0.2168278 0.1626552
-0.03422481 -0.1117848 0.1147795
0.03708738 0.3477804 -0.2058222
0.3586162 -0.02713621 -0.2574296
0.05842757 0.1768335 0.271902
0.02271515 0.3935609 0.1066448
0.06618267 0.4129949 -0.1590792
0.18022 -0.3579583 -0.01669845
0.1384142 -0.01509175 -0.1186109
0.05640584 0.05301178 0.04036975
0.3345755 0.29556 0.1092495
0.2271886 0.05530947 -0.4276271
0.2924412 -0.1122392 0.1957933
synthetic_plant_54	14
0.2779934 0.3115777 -0.1842371
-0.2983568 0.2650614 -0.04915503
-0.02026615 -0.3098539 -0.2979415
-0.3095951 -0.343305 -0.06535175
-0.01396695 -0.2190173 -0.07333097
-0.3531486 -0.1744228 0.04907429
-0.3677918 -0.124849 -0.04746547
0.226582 -0.4226498 0.09174681
-0.1250583 0.2835735 -0.03986922
0.2756504 0.06339735 0.1954664
-0.3260291 -0.1947677 0.245456
-0.2232344 0.01060969 0.3736389
0.05632806 -0.1650853 -0.03112477
0.01544172 0.07448864 0.1895242
synthetic_plant_55	6
-0.006548196 -0.3756961 0.02595276
0.4687211 0.09416682 0.1018718
0.08206904 0.01381749 0.441561
-0.2207578 0.2407102 0.274008
-0.01797011 -0.0218561 0.1258621
-0.0986287 0.3480442 0.1712892
synthetic_plant_56	12
-0.1019662 -0.04536349 0.2874969
-0.2432514 0.1614912 0.3018504
-0.1402748 -0.2663689 0.19323
-0.1734187 -0.1424296 -0.2710002
-0.4184934 0.1025268 0.06067425
-0.3905087 -0.2391939 0.104072
-0.279129 -0.2629314 0.07051706
-0.2908747 0.2378181 0.2992705
0.3342373 -0.01967618 0.1164269
0.1013336 0.1438527 -0.2517524
0.03953153 0.321159 -0.1159112
0.4000115 0.2536159 0.1280734
synthetic_plant_57	14
0.366645 -0.1838575 0.1101695
-0.0357644 0.09406042 0.03159589
0.1478035 -0.0705851 -0.224398
0.1281882 0.1695027 -0.4516799
0.1889734 0.1914809 0.05268276
-0.361724 0.1108941 -0.01410636
0.08512229 -0.2599248 -0.3542356
-0.217904 0.1537136 -0.3530069
-0.05352554 0.3758078 -0.2381191
-0.196052 -0.009496838 0.05371714
-0.04479513 -0.4210168 -0.2383698
-0.1381318 0.2990195 0.322368
-0.151865 -0.219706 0.3108636
-0.08846843 0.4584457 -0.05937791
synthetic_plant_58	14
-0.4210339 -0.169298 0.1015114
-0.3111876 0.2417986 -0.1112344
-0.2723771 -0.0127756 0.3721876
-0.05408326 0.2729556 0.4039429
0.2473135 0.10375 -0.03845367
0.04256058 -0.09211379 -0.1282178
-0.2216015 -0.3910839 -0.05796468
0.2300965 0.147392 0.09199709
0.2274779 -0.1022466 0.4255151
0.136769 -0.02502239 -0.1156748
0.2493404 -0.07436654 0.2608657
-0.1726006 -0.06617004 -0.1938282
-0.2754917 0.03922564 0.265316
-0.2054177 0.1064395 -0.4003805
synthetic_plant_59	7
-0.3319003 0.01930135 0.2179698
0.2266692 0.1080799 0.2147621
0.254976 -0.1884216 -0.2415283
-0.2856494 0.04568362 0.140351
-0.4255095 0.1135975 0.1343457
-0.4121542 -0.06078771 0.08291858
-0.1213326 0.03477204 0.3855995
synthetic_plant_60	13
0.119108 -0.4036213 0.02892989
-0.09980276 -0.1930182 0.3756163
0.09544253 -0.03309563 0.2050285
0.3207176 0.2219881 -0.246029
0.005694568 -0.3628877 -0.2583981
0.2641823 0.3092292 0.05060738
-0.2993847 -0.02948189 -0.1081857
-0.2115245 -0.003073305 -0.4366052
0.3330423 -0.1312253 -0.007561386
-0.379651 0.145629 -0.0837929
-0.2758587 -0.03913489 -0.3433291
-0.1261202 0.152145 -0.2064866
-0.01195624 -0.1923252 0.2150994
synthetic_plant_61	10
-0.2722508 0.1599796 -0.1569012
-0.2169022 -0.0338797 -0.248804
0.0552724 0.2913432 0.3959689
-0.2028844 0.4163716 -0.08541432
0.3191764 -0.2247991 0.1869042
0.40328 0.1883316 0.05830401
0.001397371 0.07900697 -0.4411423
-0.4548495 -0.08523381 -0.06905469
-0.1031098 -0.1416484 0.298798
0.02846801 0.1395789 0.05404061
synthetic_plant_62	5
0.05012023 -0.4097706 -0.2074606
-0.2147669 -0.4111192 -0.07543793
-0.04935744 -0.08042917 0.3846651
-0.06201932 -0.412089 0.1804919
-0.3764187 -0.01208171 -0.1186025
synthetic_plant_63	12
0.06275135 -0.1769342 -0.2071783
0.3433468 0.005364418 -0.1182722
-0.2022026 -0.009726614 -0.09732789
-0.09918985 -0.08995757 0.2361209
0.1815029 0.3057877 -0.234958
0.1909249 0.04450816 0.3164415
-0.09677812 -0.0412392 0.2560554
0.1476603 -0.3552823 0.2355691
-0.01755664 -0.4154378 0.06154424
-0.3570431 0.1383787 -0.1955297
-0.2104304 -0.2411377 0.03466064
-0.04455987 -0.1731457 0.4077111
synthetic_plant_64	9
0.1970772 -0.1070823 0.1011959
-0.0682627 -0.1854444 -0.3306614
-0.245333 -0.3135322 0.1078996
0.1394254 0.4199001 0.1441961
0.09175384 0.1680255 0.005894542
-0.09008694 -0.2348381 0.4188147
0.245324 -0.4138999 -0.006984055
0.07679218 -0.02692038 -0.3179242
0.4264148 0.08844578 0.1097556
synthetic_plant_65	5
0.31475 -0.2284803 -0.140148
0.06200719 0.09776443 0.2550933
-0.03848967 0.3196971 0.02731627
-0.110108 0.3212898 -0.194413
-0.1544079 -0.1730208 0.2405978
synthetic_plant_66	6
-0.2675378 0.2724312 0.1899086
-0.1540357 0.319814 0.05090326
-0.4243758 0.01874733 -0.185576
0.400945 0.04235905 -0.2297352
0.1493804 0.1569198 -0.1512455
-0.04159617 0.1124867 -0.08774874
synthetic_plant_67	8
0.1143992 0.3586111 0.1070722
0.268278 0.1488695 0.3672088
0.08293027 -0.4016779 0.2162484
0.2561077 -0.2807589 0.2036086
-0.0793328 -0.2188012 -0.1494109
-0.3747081 -0.2182423 -0.2233085
0.3094173 0.01014167 -0.2803489
-0.05315191 0.01544356 0.03365189
synthetic_plant_68	15
-0.1346057 -0.01883104 -0.3988955
0.2407216 0.004722595 0.08626431
0.01291686 0.460296 -0.1624843
0.3781394 0.2014354 0.1688834
-0.07849142 -0.2235582 0.3523978
-0.279795 -0.1455282 0.3497043
-0.04184487 0.333411 -0.322236
-0.3731063 0.1169015 0.04028922
-0.3908642 0.1837841 0.2134848
-0.3569636 0.1228976 -0.2391994
0.05988616 -0.3349658 0.05553705
0.3245008 0.2490891 -0.0711557
0.317684 0.07201564 -0.2125272
0.2173386 0.01101065 0.3121701
0.1386864 0.2060204 0.1617154
synthetic_plant_69	6
0.08086348 0.05768263 -0.1105306
0.2141531 0.03428864 0.4305612
0.01316524 -0.3084232 0.1623055
0.4348928 0.01429224 -0.164079
-0.2616564 -0.2306112 -0.05824658
0.2644208 -0.1374938 0.3212011
synthetic_plant_70	9
-0.02867413 0.1668662 0.4328961
0.1411523 -0.00750491 -0.2091387
-0.2288135 -0.3978598 0.1970653
-0.2825658 0.2859259 0.1914966
-0.2805429 -0.1114974 -0.07647866
-0.2099908 -0.3019654 -0.09664023
0.09814978 -0.2673049 0.3103786
0.2795407 -0.003025293 0.1148491
-0.09214884 0.1332766 0.1080047
synthetic_plant_71	10
-0.01603007 0.4367459 -0.2426437
0.1549067 0.07071638 -0.2564357
-0.3381199 -0.2853684 -0.162398
0.1857993 0.2691028 -0.0293065
-0.07868326 -0.1497702 -0.3418249
-0.03283429 -0.2916398 -0.08703077
0.02686256 -0.1870826 0.3670915
-0.1648339 0.2012141 0.174092
0.2621477 -0.24405 -0.05482712
-0.1488586 0.008510947 -0.1839809
synthetic_plant_72	9
0.08470225 0.447921 -0.07979289
-0.09387818 -0.1405021 -0.3973732
0.2462641 0.07139271 -0.09362304
-0.4309113 -0.1063373 -0.1342742
-0.002323359 0.4073566 -0.1890912
-0.009690553 -0.2165372 0.2406943
-0.2747633 -0.1694627 0.1983685
-0.4440873 0.07856101 -0.1359305
0.4351869 0.0250175 0.1954338
synthetic_plant_73	12
-0.1519382 0.2938103 -0.2295929
-0.01200342 -0.3301018 0.1834577
-0.1086886 0.1521502 -0.1979221
0.1066727 0.3502752 0.05289429
0.2070706 -0.3469974 -0.1173994
-0.1215593 -0.003143549 0.359385
0.02301145 -0.2315438 0.0909251
0.2068345 0.279453 0.1323347
-0.1312653 -0.4229105 0.1224589
0.2285554 0.1579244 -0.1254415
-0.1861508 0.352749 -0.1764446
0.3252398 0.1400286 -0.2952639
synthetic_plant_74	11
-0.1359823 -0.335209 0.0007106662
0.2301822 -0.2704358 -0.1417708
-0.3349274 -0.1762262 0.05253905
0.3568642 -0.03885621 0.1969349
-0.2081325 0.3502281 -0.03071287
0.1726456 0.01190686 0.4576808
0.1653739 -0.2625854 0.09929317
-0.3054885 0.1852185 0.045591
0.003478765 -0.400519 -0.108941
-0.2863622 0.2112163 0.008887351
-0.0338417 0.3905161 -0.002060741
synthetic_plant_75	10
0.2680929 -0.174096 0.3049624
-0.2408308 0.2262484 0.08968425
0.05158335 -0.1582319 0.07362348
0.3366258 0.06705725 -0.1734497
-0.1883964 -0.1365151 0.4100357
0.2902613 -0.363729 -0.004453778
0.2368506 -0.2539945 -0.05585474
0.1064652 0.1282029 -0.42772
0.06944442 -0.4271284 0.09949553
-0.3944108 0.1483502 -0.006751209
synthetic_plant_76	12
-0.001029223 -0.2122727 0.3743753
-0.1309814 0.3948022 0.1970731
0.1372208 -0.160922 -0.3530029
0.1594357 -0.1764219 -0.2394609
0.1339722 0.4749004 -0.0387964
0.2445679 -0.03795612 -0.1450311
-0.02709836 -0.3325216 0.2528313
-0.2715222 0.2134118 0.0812099
0.01228613 0.2558309 -0.4173408
-0.111763 -0.4149575 -0.1880428
0.07965368 0.1529647 0.3121248
-0.2369516 -0.0846459 0.4211695
synthetic_plant_77	7
0.06679219 0.1923006 0.2078732
-0.03586304 -0.4081333 0.2259619
0.4875197 0.0397951 -0.02629894
0.0216642 0.3877891 0.2489905
-0.08853343 0.1765384 -0.3511726
0.4664373 0.05987811 -0.07341027
0.1140277 -0.1267565 -0.2228405
synthetic_plant_78	13
0.1639712 0.3010336 -0.1777657
-0.1190948 -0.06385198 -0.02579263
-0.1994384 0.370497 0.1618129
-0.2158892 -0.2477019 -0.01126495
-0.0890848 0.1221403 -0.1367779
-0.1211781 -0.1898966 0.346776
0.1846215 0.09650266 0.05005729
-0.2111067 0.1246606 -0.2102843
-0.169037 -0.00462234 -0.4337655
-0.07972017 -0.1833416 0.2499455
0.01359177 0.1281571 -0.221182
-0.2756461 0.02252591 -0.1911694
-0.4739177 -0.01344419 0.04439151
synthetic_plant_79	14
0.4291681 0.13069 0.05619758
-0.1220632 -0.1987781 -0.2529531
-0.1584453 0.07644701 0.3184717
-0.3049263 0.02572554 0.01016426
-0.1512426 -0.2364838 0.2840452
-0.1597444 -0.1378346 -0.06859788
0.1496333 -0.04765645 -0.2219492
0.02022702 -0.1398852 0.05798274
0.1855791 0.1683415 0.4260046
-0.0005967319 0.3815918 -0.2861642
-0.08978248 -0.02803731 0.2905615
-0.3351341 -0.2291212 -0.04246616
0.01109511 0.4234797 -0.004290223
-0.2812947 0.01871431 -0.1519283
synthetic_plant_80	12
0.2904774 0.09331232 -0.06752613
-0.007017165 0.09121376 0.1349834
0.3245701 -0.09682757 0.1840779
-0.3689038 -0.02321756 -0.1481251
0.2097899 0.1446832 -0.0424906
-0.2159177 -0.3210378 0.0589543
0.1170692 0.3866094 0.0982306
0.1312171 -0.4043024 0.01659036
-0.3025893 0.1427246 0.1265346
0.18979 0.05694777 -0.03963676
0.112326 0.4502569 0.01329762
-0.1653952 -0.2091405 -0.4169319
synthetic_plant_81	14
0.2084476 -0.05427849 -0.1257091
-0.1291539 -0.2675155 -0.2484921
0.01806796 0.321964 0.16838
-0.2127033 -0.4355005 -0.006266326
-0.3397983 -0.194185 -0.005757421
0.01000977 0.07547444 -0.1450603
0.1242723 0.08242476 0.2253805
0.4092107 -0.1802496 -0.02928472
0.0358932 0.4068682 -0.1596811
-0.3872721 -0.09600878 -0.2370176
0.2375026 0.003260732 0.1182994
-0.1953287 0.3262694 -0.3035759
0.3826105 -0.2158509 -0.02423796
-0.1435111 -0.04782772 -0.3478662
synthetic_plant_82	6
-0.0862245 0.02581549 0.4689354
-0.02204093 0.2199016 0.2772812
-0.4228627 -0.1982637 0.1293621
0.03373557 -0.01837501 0.4590446
0.1611943 0.3774242 0.1052805
0.06761634 0.1174305 -0.0367966
synthetic_plant_83	13
-0.1052997 -0.2539821 0.2507746
0.1343147 -0.07116997 -0.1769919
0.3705483 -0.313628 -0.1045775
-0.3264755 0.1319867 -0.1203674
-0.02495697 0.02490419 -0.0394347
-0.3686065 0.08540142 -0.2644993
0.07361799 0.09477043 -0.250354
0.1099436 -0.2091525 -0.3568601
0.3384718 0.2082002 0.09889084
-0.2541435 -0.03891978 0.2073792
-0.008898169 -0.2771372 0.07097226
-0.1515851 0.3418817 -0.1491919
0.3012639 0.2908863 0.0666635
synthetic_plant_84	15
-0.2612902 -0.2318085 0.2581895
-0.1220403 -0.1017503 -0.2573301
-0.2065045 -0.05434412 -0.235429
0.0876025 -0.1039948 -0.4305861
-0.1184946 -0.4086833 -0.2273677
-0.2517655 -0.248054 -0.2501035
-0.3376638 -0.1997701 0.2473261
0.2702159 0.2420289 0.1623967
-0.2440355 -0.006976217 -0.1803727
-0.1943911 0.3613338 -0.2747175
0.05898017 -0.4189962 -0.0861125
0.0675773 0.2962989 0.02411425
-0.07726151 -0.196826 0.3303859
-0.09136131 -0.217851 0.03636301
-0.2918218 -0.2731795 0.2120318
synthetic_plant_85	14
-0.3481129 0.002372503 -0.003232896
0.3455813 0.2609863 0.02337992
0.2434873 -0.2261681 0.1927328
-0.09551406 -0.2147974 -0.1775941
-0.02563444 -0.1510542 -0.09083498
-0.3444755 0.1026959 0.2024184
0.4090115 -0.04874957 0.1860334
-0.312439 0.1365873 -0.3263063
-0.18499 0.3425618 -0.08180788
-0.1037294 -0.04909596 -0.2553348
-0.3004939 0.2813459 -0.1692074
-0.389023 0.2820472 0.04692161
-0.2695715 0.2254125 -0.1467543
0.1723855 -0.2273851 0.2945215
synthetic_plant_86	8
0.05783004 -0.1033055 0.07847482
0.3462632 0.2801917 0.1036468
0.07959878 -0.1952484 -0.2364137
0.3020703 0.05288231 -0.1936876
0.3973415 -0.04070345 -0.2544092
-0.1514689 0.1733766 0.189873
0.1119629 -0.4289435 -0.1898595
0.286665 -0.02439868 0.2789811
synthetic_plant_87	5
-0.3932542 0.007263899 -0.1999395
0.2564595 -0.248839 -0.0251697
-0.1677604 0.4325992 0.08606434
0.2622315 0.1152833 -0.3629411
0.04908037 -0.1903351 -0.4080034
synthetic_plant_88	14
0.1637691 0.2479066 0.3346212
-0.358978 0.1723477 -0.2018607
0.1790783 -0.1798316 0.06037116
-0.2000749 -0.3201391 -0.1816435
0.1355332 0.2533108 0.07881337
0.2406961 -0.2672179 -0.2394224
-0.1138033 -0.03535181 -0.08709228
-0.2406408 -0.006289452 0.3330555
0.2839481 0.1755028 0.2020369
-0.2294843 -0.02288431 0.2492983
-0.04952365 -0.1161768 -0.2595031
-0.3364027 0.2114748 -0.05065307
-0.1157388 0.3310759 -0.272692
-0.1906051 -0.2020593 0.4033597
synthetic_plant_89	5
0.1726887 -0.3531689 -0.2059366
0.2183249 -0.283272 0.1040722
-0.0417484 0.0008116961 0.4657307
0.007221341 -0.4417487 -0.05487099
-0.310945 -0.3652967 0.1055444
synthetic_plant_90	13
0.1040304 0.2784957 -0.2831863
-0.03188872 0.1845334 -0.4503795
0.06059015 0.3727798 -0.06006721
-0.0234085 -0.1717564 0.1268275
0.2496283 -0.06922618 -0.2425397
-0.053996 0.240481 0.2300885
-0.419926 -0.1403716 -0.1979877
0.2603603 -0.04742703 -0.1611624
0.2046887 0.1703726 -0.04067248
-0.248295 -0.04221037 0.3104854
0.02864337 -0.1683055 0.3684329
0.29299 -0.1382643 0.3244933
-0.3705722 0.002163529 -0.02410173
synthetic_plant_91	9
-0.1887218 -0.2638203 0.004614353
-0.3673829 0.1301718 0.01616675
-0.3247431 -0.05157751 -0.3391648
0.02574712 0.2913287 -0.189783
0.1810662 -0.1763671 0.05466485
-0.3193009 0.0813483 0.3752961
0.1843717 -0.3070385 -0.3205499
-0.1888943 0.03174615 -0.2703847
-0.0717141 0.4416853 0.1720467
synthetic_plant_92	12
-0.194886 0.3330937 0.2521796
-0.04993197 -0.4689168 0.003061235
-0.03582355 0.2589191 0.2131264
-0.02271831 -0.1353864 -0.2497191
0.3222057 0.08748382 0.0265134
0.02439982 0.2842445 0.2308072
0.2129564 -0.3708292 0.2107548
-0.2569625 0.1398873 -0.01037964
0.2171166 -0.1311303 -0.3788254
0.02311504 0.315429 0.3291737
0.2198971 -0.1153493 -0.353853
-0.4001935 -0.242994 -0.08003816
synthetic_plant_93	11
-0.2637622 0.2157368 -0.0007287562
-0.1184758 0.3617867 0.06694549
0.02847826 -0.2746291 -0.1821822
0.02683246 0.4832072 -0.1216973
0.07670742 -0.2220237 -0.2324001
0.2630317 -0.124709 0.3068101
-0.1196159 -0.2813566 0.1140148
0.2685551 0.1037192 0.3105974
0.2517115 -0.2872955 0.0563975
0.06723976 -0.03953645 -0.2891974
0.3935004 -0.06329992 -0.1235459
synthetic_plant_94	13
0.264332 -0.1841932 -0.2271581
-0.1870478 0.04241699 -0.005106807
0.1462121 -0.04057235 0.3369749
-0.4478913 -0.03207859 0.2104846
0.1754231 0.2712688 -0.1694035
0.3798121 0.08311659 0.1507771
0.1403503 0.04317278 0.3645731
-0.06483075 0.4159376 0.161142
-0.04602811 -0.2069649 0.2999658
0.05161089 -0.4745162 0.0964762
-0.03841594 -0.09373343 0.3696538
0.01783538 0.2573601 -0.02104387
0.06767571 -0.1066824 0.318651
synthetic_plant_95	6
0.3978097 -0.185787 -0.0696272
0.07418919 0.2198976 0.07761955
-0.01826751 0.4017257 0.1554088
0.04542714 0.2546633 0.1853819
0.1654409 0.04420871 -0.3714434
-0.07863462 -0.13914 -0.3173952
synthetic_plant_96	11
0.2913592 -0.1221141 0.1066308
0.154808 -0.2057319 -0.2329178
0.2007533 -0.08852497 0.2944297
-0.211489 0.2382599 -0.0001057088
0.202214 -0.3383792 -0.1453944
0.1330838 -0.3332053 0.04143733
-0.047575 0.4678201 0.09396166
0.146759 -0.2340167 -0.03493118
-0.04558572 -0.3198171 -0.239658
-0.2532697 -0.1119152 0.1842357
0.1812286 -0.1229135 0.3848022
synthetic_plant_97	10
0.1470267 0.06276053 0.02234352
-0.438011 0.0270133 0.1559883
-0.01127282 0.06123734 -0.3530871
-0.1301643 -0.009423226 0.2151104
0.196046 -0.3766444 0.1537827
-0.2774788 0.1596277 0.008592367
0.1099866 0.2878005 -0.1813049
-0.04854202 -0.2927407 0.00540328
-0.2379608 -0.3764499 -0.1689134
0.4913765 0.02063686 -0.07560164
synthetic_plant_98	5
-0.2535743 -0.2931603 0.2812906
0.1727854 -0.08987737 -0.07918912
-0.1283543 -0.1766858 0.3093401
0.07828683 0.1411604 -0.1811943
0.1561015 -0.1794266 0.4035193
synthetic_plant_99	13
-0.0888451 0.03697044 0.3664303
0.05120265 0.06646317 0.3290545
0.1155754 -0.4129816 0.04952163
0.3034132 -0.09989879 -0.259672
-0.03581902 -0.1705694 -0.1030471
-0.320058 -0.07719296 -0.2685574
0.03333181 0.3561654 0.1429212
-0.3770777 0.1043788 0.17826
0.08411676 0.115189 -0.168966
-0.1672079 0.1674951 0.1853122
0.06651902 -0.06032866 0.06505841
-0.1189943 0.318323 -0.3066588
0.1547405 0.266224 -0.02497831
