synthetic_plant_0	5
0.08363088474753333 0.1769136333118315 0.05524172461579657
0.2340808202423335 0.3380099309747926 0.04177562803714141
-0.09144656624313946 0.3380172315812411 -0.09013571892261019
-0.152138631419933 -0.08181035802476239 -0.1243282832030788
-0.1665740256819294 -0.03733201454325386 -0.1836105558865405
synthetic_plant_1	5
-0.1173058567995617 0.3180293501989979 -0.04743163216821134
-0.1018680186627783 -0.01357814592059309 -0.07745746804063214
0.1007142520537885 0.4595735306727099 -0.1382748728204256
0.2368200354218861 0.3548392574720083 -0.1971172499317715
0.1284257671690833 -0.2714969446371753 0.220049468644989
synthetic_plant_2	11
-0.01833809211277138 -0.1810273911657807 -0.1915433969804156
0.1149378600620964 0.00387476266162734 -0.1367509598405167
0.02181782983483449 0.3945754834659009 -0.1580734532741724
-0.1936033278863129 0.04056357377864883 0.3854817326823092
-0.2281649824138635 -0.2345270703621197 0.2505154064583931
-0.4258918122814632 -0.1500090385275114 0.06535328880166547
0.3728227152278021 0.1654903744523938 -0.06541801620818771
-0.1728518360753418 -0.09515649023305034 0.2540577314356336
-0.05421273916467101 -0.01538662229780707 0.3983761816511002
-0.2841029965051937 0.03388479528388566 -0.006245819840879407
-0.3283458343532831 -0.267844744746075 0.1963316965172395
synthetic_plant_3	14
0.01754964730460729 -0.06978069852412494 -0.03142887183556226
-0.1362893879002757 0.1279473077105142 0.2482314043380794
-0.3476733775335645 -0.2866251610985053 -0.1313752518816009
-0.0106961439086154 0.279487123326998 0.3344112505719509
0.1942503481053331 -0.2332456775691766 0.3353672934131198
-0.2863034065313775 -0.2887488484361064 -0.1805966156292889
-0.1041543821678318 -0.4310825781742537 -0.1035648646360345
-0.1070607380212428 0.2154885303426125 -0.3251324377058988
0.06804586650313971 0.07306979450187989 -0.1506949036871407
-0.1419764628643662 0.140953632802966 -0.05960111657070649
-0.3550328955069815 0.2353753469562211 0.2285585816656657
-0.05291859538460181 0.4628926450899646 -0.1059642972609259
0.03246777077469798 -0.07027227667414909 0.1850504158433213
0.1513674132617001 0.3430181308835348 0.09414030168739662
synthetic_plant_4	15
0.03130302258592454 -0.1578451632286183 -0.05958578306299978
-0.05082882746376072 0.003983714278182782 0.07618307863170859
-0.3793427204167127 0.09133989972229806 -0.1788836074532273
-0.423200251418969 -0.07449540501392404 -0.1944094529815945
0.2985600335200765 -0.3379690377546822 -0.1155943095562957
0.3159620519015909 -0.2477020086204051 -0.1628247975152712
-0.08275728819402944 0.3093719962342715 0.2506327156047382
-0.2345660935027902 -0.09860113843794099 0.2662336136187029
-0.0927551013441193 0.1831454998416442 0.08883218564659379
0.3421770200903853 -0.009362496607467852 0.07603296646345781
-0.0979795999066006 0.4340731563739959 -0.008064903753454089
-0.4477307044430387 -0.1885565481494821 0.04973563716525986
0.1052299621302941 0.05231888457838518 -0.1437088889953173
-0.2416394565741063 -0.270959218566203 -0.03985242193908012
0.07547884115122205 -0.1549764203203559 -0.3882988610554665
synthetic_plant_5	7
-0.07633457970942392 -0.2723365453723174 0.2281513091315887
0.1621407827235156 -0.4142201600108655 -0.1383056396801243
-0.2653478229340157 -0.001966961156509517 0.2061252543531561
-0.3533068583371727 -0.2436415025020759 0.246033552657024
0.242311825670401 -0.3060976741212516 -0.01970722085869353
0.429086975843028 0.1158211255254515 -0.0876178655290839
0.01390115634188849 -0.1779739980281947 0.2397076685923206
synthetic_plant_6	10
0.1726136481391173 -0.1605084725826668 0.4250013549472861
0.2885540817787461 0.002389212076336467 0.335461138415201
-0.3377226622005722 -0.2935492179218905 -0.1253185301518694
0.100328427704476 0.2932469266423061 -0.3275684956111924
-0.22604939133322 -0.136846487562689 0.07948148306955094
-0.09757852750399937 -0.3732703922641084 -0.06729529719051419
-0.07815727676397988 0.03246643586592346 -0.2671692148141919
0.2363755312562924 0.1713562381001115 -0.2705400172351848
-0.09020556948312802 0.4122136003379957 -0.107235270119396
-0.02514740365553114 0.345439732434888 -0.3023606081955762
synthetic_plant_7	9
0.2478120498507753 0.1845375933994368 0.3042372175340471
0.2534687992463965 0.2196382987964002 0.2302517798857462
0.4901721695890809 0.06383454658558496 -0.06728056264291543
-0.1892071983616581 0.3214438422496486 -0.05313864782457289
-0.4005480873769367 0.01370368258854648 -0.2920247057665296
-0.2589047067825199 0.2238270868347657 -0.1276001799253189
-0.02638456542195367 0.3800287430664385 -0.06005031711597508
-0.08754366049810275 -0.1922812022662124 0.3651314275989191
0.1461557431205108 -0.005040280896385751 0.2400314139743532
synthetic_plant_8	7
-0.1771999513804906 0.1835266095020903 0.1922820300666459
-0.186673767157579 0.3063012372850049 -0.1299474566642719
-0.3382815108683525 0.312699894292911 -0.1642775286715191
0.2270730441977373 -0.06829674789895385 -0.1079118680681799
0.03488501139476019 -0.15251658091512 -0.164753837183221
-0.07604249096814236 -0.280904340116407 0.08800043421475945
-0.1653519698645076 0.3988999033672895 -0.1610953939961182
synthetic_plant_9	13
-0.06785914665432302 0.4727744457506555 0.09104468819153233
0.4746366982626025 0.0335965397103396 -0.1434109451605761
0.3801482368551808 0.1418752227432724 0.1673519783344324
-0.250746771175725 -0.4140209941358278 -0.1081407622885463
0.3739874383980499 0.06380158458086527 -0.2554647190209874
-0.3678533641009607 -0.2190904816916565 0.2331873385345292
0.1727696291923135 0.1008917613387559 0.07527832353180519
0.01206136681576242 -0.1833404540176629 -0.2021062579341441
0.3120239579175567 0.2381055295019824 0.1414740261793774
0.06478398870319335 0.005326383953063285 -0.08170692826424814
0.01737291628505044 -0.2794303889610146 0.1962118790988029
0.02254893583459205 -0.2037082638012669 -0.4497054631233103
-0.3279977912010024 -0.2609993930744579 -0.2547005224724813
synthetic_plant_10	5
-0.2480322538039772 -0.3809587818925129 -0.2064722335958079
0.3217866281708834 0.1879605099754726 -0.123241699314236
-0.09874502636292065 -0.4244239621588167 -0.2383162085777804
-0.1429535739856248 -0.3223881468445459 0.2358360183480448
-0.1279658619802231 -0.03295392966838651 0.4118841250087403
synthetic_plant_11	11
-0.4444287344989702 0.1206429479277598 0.1663175178047892
-0.2508163659600996 -0.1579873911791304 -0.07693667611155941
0.1742827221754997 0.224780528071532 0.102592030401203
0.4619259495877681 0.09425303719332956 0.1534160591806573
-0.2227241200810063 -0.0535836455262087 -0.03078404097892118
0.03395219005511529 -0.1550396942038467 0.02812154412187107
-0.2404498119067044 -0.09402907549515249 0.3226574734484002
0.3384054518099934 -0.3085344958174505 -0.1473274395192248
-0.2794085119363509 -0.04826010978504819 -0.07888176281613879
0.1104068460847034 0.2122680982545848 -0.1945743831358436
0.1311771189962705 -0.1756678700667128 -0.2734285490396346
synthetic_plant_12	11
0.01803284721584542 -0.1971925936583542 0.163421998958484
-0.2089123619354033 -0.2882625721908331 0.1308854698549646
0.3012441722308897 0.3963247434837066 -0.02512691680791612
0.07136262252057268 0.04027854591314939 -0.02478259021524709
0.04042789680882952 0.253505960531335 0.1857631932208701
-0.3265510304826268 -0.1497046188159072 0.1370535855001861
-0.4303803312090859 0.1161879076650082 -0.004880522238153662
0.4007088042148416 -0.0510261303297716 -0.06571859324973855
-0.1331584554093846 -0.2629972725118414 0.2739074147569103
-0.2006461938092649 -0.09058553125447061 -0.2545869492508422
0.3302283833536261 -0.2881976982147523 0.02879855814452303
synthetic_plant_13	13
-0.04969314187257495 -0.06016596803201879 0.07877269165386414
0.04092221975925414 -0.1585792947738326 0.1260268256052949
-0.0386017220051203 0.2321802541958081 -0.2526354447052417
-0.2739686227518855 0.05511237005740022 0.05735157653291001
0.07119891564061787 -0.0454471116490649 -0.2205598439718124
0.393826666879856 -0.05052635810655132 0.2565075804519074
0.06379581498380582 -0.2634625372613573 -0.2927607010768832
0.03986646429158447 -0.2975063943430075 -0.3062472588632507
-0.3315196142558932 -0.2606748677281907 0.1700514289341861
-0.1839910897291062 0.4588686830708335 -0.06987273782343617
0.3316941235248738 0.3516928780111434 0.06376590106334168
-0.08645655565600213 0.1256465737109057 -0.02142023206375426
-0.4701011476210979 -0.1400066788850882 0.08943886797317835
synthetic_plant_14	11
0.1367950965993926 -0.3541620139011754 0.2917471593614974
-0.4985889996010391 -0.001763297199281588 -0.01129217824668194
0.4332110940676679 0.1904010156066209 -0.05970215977453319
0.2054232933153285 -0.2955112096277422 0.2486323059459757
0.4769820539057403 0.1338556466462423 -0.04889895853829146
-0.4798574550518849 0.02997686219869611 0.0492217215508971
0.07818951870713564 0.124326649981901 0.08302986539331647
0.05542479064605199 0.3024237598546238 -0.01887024765060069
-0.1261275403396582 0.3861364889690933 -0.08075929258081244
-0.03073350006723308 0.3907719621633211 -0.04515343504409164
-0.08873501546586587 -0.1012725040017055 0.392427731699761
synthetic_plant_15	10
-0.1626267158164262 0.03819136319274385 -0.4307705190470541
-0.1486786732566914 0.1254372028357752 0.1511243145898548
0.3974335683024292 0.2428420546645175 0.143968322566661
0.4396353103006629 0.232902222416515 -0.04244319099177474
0.01381893150144842 0.08844342649542625 -0.08455744657675657
0.3089387874815297 -0.2194156610050027 0.1423504826255716
-0.1910075888305718 0.1237096052878117 0.4399743510153902
-0.02517771477986686 -0.2603955935127421 0.3274206255121386
-0.159648900899518 -0.05817345177090832 0.01748733744182052
-0.1342419614701176 -0.4593797553983783 0.09923134167598391
synthetic_plant_16	14
-0.3454292812983722 0.2795166472455073 -0.1220470741408795
-0.00792774633649429 -0.1677874765421253 -0.1010703929723253
0.00955149728746596 0.2567470309157224 0.146001390545442
-0.08890770575646106 0.1574698318027157 -0.2589610522572109
0.2845300291059513 0.1932215901935439 0.203057419491112
0.2158186809299698 -0.1414779917091855 -0.3245517468683808
-0.3788875217635521 0.2483932493180557 -0.0770997611197079
-0.1646371810584539 0.1686232766469118 0.1939602797090018
-0.0282827809922962 -0.2305285050933674 -0.1437091666731246
-0.1304574623740173 -0.2387060959359425 0.09198794142759981
0.1620307289028702 -0.01952156640901698 -0.2405165391379765
0.1092378082485144 -0.3490667158130499 -0.14328414155421
0.4582773896949235 -0.1076045767565537 -0.0008076767337690249
0.2195347245412318 0.2742657325443943 0.06370658714938005
synthetic_plant_17	15
0.347213534900893 0.1007420323662989 0.00345603228359781
0.06046440199298431 -0.3440496461409402 0.2032976426019497
0.1966180464061997 0.02621846916743398 0.03398247139349164
-0.1186338914549613 -0.02577761615332619 -0.07427408362203242
-0.00947114613460226 -0.1219116069940593 -0.2698293199891394
0.1121103073785908 0.03636220985790806 -0.125140940199615
0.2175145974586732 -0.2206559092881699 -0.04450422101150059
0.3044171556706136 0.2149070219607796 -0.0926617022973833
0.3778216072389883 0.1492928102461087 0.2444832547174418
0.1527615395353208 -0.06652676027259719 -0.4008626170808905
-0.2435305616469668 -0.263025168774333 0.2104107095047913
-0.2740492333094314 0.03344166790268843 0.411134377641569
-0.1279654689230987 0.3466641460301632 0.1477567078653108
-0.1803576838038979 -0.09364597325483176 0.03453651909205713
-0.2391231963295761 -0.2120434767588759 -0.1193248078885029
synthetic_plant_18	12
-0.03539039716249848 -0.1742405920523564 -0.380346929076076
-0.3567395673937456 -0.1572061268616979 -0.2869118312714988
0.3104342055240834 0.274720772462873 -0.212620323070708
0.07285576850930198 -0.1582446747703073 -0.4059049050963408
-0.3147964533440392 0.1956382406095253 0.186380661302763
-0.2760684108999055 0.2739236687689306 -0.2844752573145654
0.01033923789595015 0.4347938197364918 0.1249352303678425
0.2112005032944332 0.3244815868928932 -0.2161937007710967
-0.3927541072312081 0.01563334804433447 -0.01519208725456406
-0.2158938287087402 0.4083552292924117 -0.08042384192457053
-0.1214595997196433 -0.1287811646311247 0.3250951931754104
-0.1941743843535148 0.4128695588186774 -0.01069452298794188
synthetic_plant_19	15
-0.2208605379190662 -0.05930881973391616 0.4042589034582871
0.07313298130911361 0.03518048347331759 -0.08318498599358332
0.1491712829869914 -0.3260285560211407 0.01166714279659931
-0.3662300754376131 -0.3239992478973655 -0.04246990484059443
-0.03959788745832588 0.1528498693102435 0.2551429727861856
-0.4536193181839276 -0.02763880836130644 -0.03604282796160707
0.4405371280574298 0.08862309741525309 0.02659218245680872
0.07988452076991226 -0.3087937130766267 0.0263759456818039
-0.4185296679468721 -0.1722977057967245 -0.06564984044708588
0.08946065122719948 0.2081961849762172 0.1946502765114492
-0.0523340035792848 -0.06116322691489878 0.3993443972735758
-0.2749437627303079 -0.129177535163434 0.007381184682146325
0.0662947419117732 -0.07269460916295695 -0.2121819455245668
0.09640740905922807 0.4804158752655582 -0.08849296861036154
-0.1621545508311176 0.004949982837389899 -0.06524936830091654
synthetic_plant_20	8
0.0278503171383031 -0.01496259268674854 0.2997122438991373
-0.2839514785527608 -0.1566491372309119 -0.161922279351377
-0.01312938894429516 0.091146689148633 -0.4812189167158139
-0.03092361342779448 -0.01702342236557375 0.1768478601888922
0.4045056707705307 0.07293579239719894 -0.2406272915569816
-0.1894942106996955 -0.0929179178546149 -0.2443564026217249
-0.01938465828950714 -0.1741402709023283 0.3265881130853586
0.003736844057746769 -0.03640181405332488 -0.01726566201368734
synthetic_plant_21	9
-0.1160352868853381 -0.3828652372799479 -0.2887470416564218
-0.3001565733334564 -0.2359912807672827 -0.1212951208288681
-0.2296923145658514 -0.4423721837442611 0.008511683740439535
0.2149230863487568 -0.01497182193064051 -0.4055805918753275
-0.05611996785497719 -0.2818521235061565 -0.04722765523279665
0.3684812222916282 -0.2956483909770551 0.01497536242448716
0.382780568047403 -0.06439785545743759 0.1644924829763258
0.3128460635337209 0.30537205872502 -0.04620980699793226
0.08288925218697252 -0.4494039307618733 -0.01366518946352341
synthetic_plant_22	14
0.0789724495896833 -0.3115221008585778 0.2729652716134874
0.1424609864832097 0.3668868683564195 0.02448725710236777
-0.231979142783286 0.2893169559152522 0.1703356250568715
0.1937249205463611 -0.02661652826738048 0.03817113594631794
0.09347034213811745 0.2094609552984045 -0.05624486621524555
-0.05974553675432492 -0.21740549315186 0.02502865904460982
0.2099356128360952 -0.1574486225780664 0.3650157702268993
0.2851158259171984 -0.3191760875966498 -0.004765871774267849
0.2628624348237465 0.01895000438992112 -0.3207703781766493
-0.11418133119083 -0.1328982481152327 0.1703966480959201
0.263214161994435 0.246616622625757 0.1582686634816196
-0.05009955786305048 0.153289228330763 0.1219278410199416
-0.04375765635181583 0.4307748340665181 0.2376929813965875
-0.1584781763722961 0.2296522898790041 -0.1364911016502835
synthetic_plant_23	12
0.2370044309444495 -0.2291361047592552 0.2877946294369632
0.324923689640275 -0.006439956469030672 0.008702586301949533
-0.220779003375797 -0.1529438789792514 -0.0306479741637008
0.1385569454081164 -0.2801979675560626 -0.2645964691868155
0.06295686927383792 0.4082278261866724 0.2340892506154129
-0.2353125112250125 0.1270422766503467 0.1736432747558631
0.130153677209307 0.05909927368962742 0.03221369628466197
-0.1200304194020126 0.03297084828448749 -0.06236293914506208
-0.3791250232326063 0.2038010147290987 -0.2090744133177017
-0.01501941934901319 -0.04977477295932392 0.2178268652466003
-0.3665040249467066 0.1901751397547276 0.1609513937415933
-0.1140581364722171 -0.1163801435139154 0.2254016289890312
synthetic_plant_24	14
0.3258396100281518 0.1042078665448953 0.1195694968084389
-0.0720112097819946 -0.2768960031107336 0.1999492597914436
0.1222050839669578 -0.4740259905405184 0.008325047138592168
-0.1107240670236964 0.2408070766062608 0.134941160046016
0.3440487541250279 0.1122690469909865 -0.2647545476896401
-0.02613433691230543 -0.1452706255541729 -0.1049432381546593
-0.2119460268090136 -0.08606960457634005 -0.1473753808491887
-0.3692950122171501 0.2005406344910723 -0.03033256307018439
0.2718510058232246 0.07720217219802994 -0.1184157382453626
-0.3532161228680045 0.02108788685270369 0.223477351547996
-0.1306836849773275 0.1312368879938233 -0.4634637091734891
0.09514226169136797 -0.07037758676591205 -0.3729151895292617
0.4150447419079369 0.17438022119305 0.01318818019347157
0.4441850139025586 -0.003267115852401137 -0.1091901092012999
synthetic_plant_25	15
-0.1329027217966874 -0.2651417712462926 -0.1349967034610312
0.3490159504732251 0.03646647441104056 0.208143032190413
-0.13279589459963 -0.4582967507883945 0.06472792648540338
-0.03784566783009458 -0.1720734966764859 -0.3101487088794318
0.1811605126057926 -0.2980488930705814 -0.1005901886206182
-0.1830361553659484 -0.2422308451327373 0.1149422889519591
0.4250746327121306 -0.2010037812328168 0.03389547998936859
0.2803211146535468 0.129928107972344 -0.07621562284971378
-0.4704875616531417 0.1073293999022992 0.1180940993357191
0.05326403084199749 0.3583682426566434 -0.2132210662371947
0.09992465560572306 -0.04644013641108136 -0.3260801727616833
-0.3940992407963623 0.2489812144297373 -0.08441937045192732
0.1226239193220351 -0.3215607144267454 0.3258287791638944
0.1619801923724364 -0.09612149146500398 -0.02739276036677207
-0.1081644822692559 -0.005051322041905448 -0.3477686199751004
synthetic_plant_26	6
-0.360973975685749 -0.186120591674757 0.2131980755745241
0.1827416126499747 0.4543327083410754 0.09554643925509065
0.1759193969758369 0.09710098877479911 0.3999700996551244
0.2446727561159479 -0.02327293847842726 -0.3479434009513872
-0.2460573143437148 -0.2397958780147303 0.1914355600763243
0.3657511265743095 0.06307068952589212 0.2302549922432799
synthetic_plant_27	14
0.07881315045022408 0.1216108480025372 -0.4123944227550242
-0.02309995200007087 -0.3463342531946026 0.2735496561344423
0.122986764553663 0.09665040071251296 0.2328947867159779
0.4173307110010662 -0.0588103561142152 0.1705254765760562
0.4069960995766388 0.1846244061415658 0.1404894257400811
-0.3296039007206372 0.06229412677428869 0.1353970696560927
-0.1157095653119558 0.1102880954352005 -0.2476834068746633
-0.06604171670422193 -0.1855696264738625 -0.4554174444514293
-0.1295011646785192 -0.2200055460507717 -0.1357966176847289
0.3383742520705317 0.2512360436092403 -0.1175998418867171
-0.4446586682290966 0.1785322089727603 0.1376285440096569
-0.0633906734901386 -0.4633953147646094 -0.1294566271164622
-0.1997197452457513 -0.02324914565038233 0.2040211675366769
-0.3307530884749525 0.0657445415535215 -0.2066376530692274
synthetic_plant_28	14
0.009277411908016786 0.1733691377874749 0.4019846317338563
0.3655870712215524 -0.1082194534367742 0.0293398270640578
0.03245468462092083 0.05171396793929162 -0.4422217080166234
0.4191418789923284 0.1742895095349727 -0.05982001841436974
-0.08129981465910519 -0.3926949752615768 0.2261159290935495
-0.2307609976945201 -0.36955085075022 -0.1998065292165648
-0.02790364696135461 -0.2606878533839803 0.3866696116468533
-0.008097016776430266 -0.3403430344650311 -0.01170140466144731
0.1117056494217752 0.2078279684291774 0.02902149383010644
-0.4224145384264827 0.02373050553482636 0.002687849866625847
0.04233582790216239 -0.4554785799912935 -0.02958957139030949
0.181031631025751 -0.03437211748493169 -0.04021262892203753
-0.2309598742814604 -0.1220747043746137 -0.07753987425380249
-0.2871142538856921 0.141784970395893 -0.2463046116940527
synthetic_plant_29	8
0.1332709268821647 -0.4497521447290388 0.04648677158930581
0.2507339452691612 -0.07494095008903179 0.1867894711606346
0.1168225105577176 0.002262141715352106 0.2282356752115884
-0.08909166893927017 0.001317788921388008 0.315743370486002
-0.2563315793627583 0.3409661586282852 0.04184960455309861
-0.09116833526249574 -0.1783155759837825 -0.3114498631105923
-0.3898676726744359 -0.1365482463930744 -0.0868583474059817
-0.3867814256029435 0.1053748131060521 -0.130957154531142
synthetic_plant_30	15
-0.2582414577589385 0.1329805194043812 0.2393177532314383
0.1535639080361847 0.3394155687180687 0.05517853571894071
-0.1082450791128819 -0.1744942814814146 0.276189562184884
0.05552615318294829 0.08880288679354253 -0.1507009383378789
-0.05604646371294131 -0.06340848774441782 -0.434382528815987
-0.0005645618931084395 0.216515174615613 0.08840173079350699
-0.1511083902839461 0.2764946631370089 -0.3224437595770915
0.4280302940281189 -0.07971651114131184 -0.02117152717843479
0.05803661278823746 -0.3117603775410929 -0.08900190159228938
-0.2195053559276478 -0.02812310810196639 -0.39133572461304
-0.238932916623145 -0.4251840946290898 -0.1048023862162976
0.2521361383540944 0.3116943392142939 -0.2537885903207874
0.04235212894725149 0.1148437811087658 -0.317484141207736
-0.1486431053693748 -0.007268569893176424 -0.395385118511988
-0.149603780847873 -0.05114070889605887 -0.1177184843885913
synthetic_plant_31	9
-0.3096014162081745 0.3148964130223492 -0.2276562265004026
-0.1508735701072588 0.1410102766198559 -0.1612990297624499
-0.2456705640017857 -0.2848060662719259 0.2676374598868079
0.343358651936928 0.01520188941291067 -0.1088995877015511
0.1103155117205022 -0.1629734932540496 0.1213786162555157
-0.2740119998120881 -0.04383058730262068 0.3659992138590672
-0.1491078978696253 0.3407189229153064 0.1941315322045343
-0.1759185519175755 0.2035362430978364 -0.2611377262213675
0.3688263743733162 -0.1747926970614199 0.02567772302335181
synthetic_plant_32	8
-0.1834660279140874 -0.2188986158812309 -0.244122728738315
-0.0308508774605869 -0.1185718000894723 0.4431203372624992
-0.1531461961767454 -0.143142835021449 -0.06521794004984843
0.03995188699424557 -0.1011842479367734 0.3738731407824685
0.4008269221768761 0.0268621398043668 0.06884889672038164
0.2081047826313963 0.1389045995579843 0.2221184442770404
-0.2937560901204079 0.2049675841364489 0.0547647300627514
0.4118062302558153 -0.1527865968227602 0.02578974736267847
synthetic_plant_33	10
0.01670115859760779 0.024303974393592 -0.3951626360939494
0.2596503352603089 0.2661979597959678 0.2629751229697354
-0.04136290232684914 -0.2385866840791478 -0.2618234462556044
-0.08034872107875346 -0.09074736975741671 -0.1417852104901497
-0.09323342702584331 0.107974967790414 -0.2397930953725655
-0.06765250079664364 0.1689576053229415 -0.3084715710202738
0.1445785203226896 -0.093387694236996 0.04932361708481203
-0.09610472957191935 -0.0275362748517351 -0.2253790797127941
0.09449917815149544 -0.4007543463333808 -0.1237490048109953
-0.1163032541494216 -0.1882001944865405 -0.006359614883437892
synthetic_plant_34	9
0.04516823318393548 -0.2720873243383493 -0.3772418606262056
-0.1587650860115898 0.4330373473864906 -0.08707627460086492
0.07436260318585186 -0.09360500140029876 -0.3857282091492684
0.009808844005630757 0.370909593931252 -0.1959210584941675
0.02428549013271042 -0.1956134140124129 0.4110354511285995
-0.3050502485176398 0.3308366696522999 0.1790526272209324
0.05995304037663185 -0.03291372697839884 -0.382682075921417
-0.1508623331920319 0.1253117192142437 -0.1180639310128315
0.3767574036452905 -0.2198594318759913 -0.0491995083558574
synthetic_plant_35	13
-0.361915251816988 0.09544700901315273 0.2790643314795155
0.4182495772875561 0.189900043482211 0.07443122475092467
-0.2402520819713494 0.2715118925537932 -0.3271071581342015
0.04978302626810627 0.2521438578346759 -0.2938440127272004
-0.2530312807549977 0.001835038998817318 -0.09678443768485845
-0.08122878425288443 -0.3334633860279687 -0.02125651158308833
0.3109946856528576 -0.2330126659114239 0.2526212281608569
-0.04271263339901121 0.08363018228870678 0.1469406315234227
0.1635550171815796 -0.1074787126452352 -0.2997230592981628
-0.2814863120047052 0.07706050695846101 -0.0798160481854156
0.1049514652128017 0.02285647871215535 -0.0268103230585498
0.3307153318040711 0.03709505267320046 -0.09344833982070649
0.3017430874316761 -0.3442098043175735 0.05468933248467167
synthetic_plant_36	12
0.1613011385112978 -0.2220242947228601 0.1393640761346563
0.1336711064372416 0.2554349268626973 0.2939841367831125
0.004210898292592802 -0.05054452762322015 -0.03721269631719698
-0.05764220234720835 -0.3700487479422637 0.2542149353507881
0.2142098005240931 -0.2113319640024016 0.02901233441780648
-0.3986441825227198 -0.1994438325199664 0.02316587430074357
-0.2629339248506485 -0.2251678597175492 -0.3070264359189843
-0.3710769319731455 -0.1017465436425407 0.2566030538925919
0.2217944528527693 0.2167146859822984 -0.3653168668179867
-0.3475045812732149 -0.3494181216766362 -0.07234116148050079
-0.3945722622592594 0.1648617725868379 0.1842829408994276
0.1597366506829387 -0.4489341172685073 0.039546066892855
synthetic_plant_37	10
-0.29691833292041 -0.127811252046341 -0.2123993288989039
-0.006908934127747957 -0.4694175384414275 0.08824255611311393
0.3463150012681736 0.3225681638174075 -0.06691030944978182
-0.2561850652015116 0.1981496986509561 -0.1728792745601166
-0.3448651132729678 0.3169413781226638 -0.04638075784766799
0.310986214804148 -0.3188223494655287 0.1652551601728739
-0.1535779953671078 -0.01239303515430301 -0.227069432745225
-0.1863129566325655 -0.1545504191160566 0.004579516065790434
-0.2144293107414764 0.08637691452856444 -0.09493666210517376
0.259428123940995 -0.09594584428141106 -0.1874422900403954
synthetic_plant_38	11
0.3854500149928478 -0.2293773578927335 -0.101817565395587
0.02907925543256396 0.01345221878921399 0.3577462336204628
-0.02396259731536621 0.06372030429601172 0.08448886166171043
-0.1881481120128508 0.07231339318789587 -0.3189369673748041
0.2204173451296072 -0.1656091446067404 0.3553792711140769
-0.2417295564295501 0.01907488610396857 -0.3408287506050586
-0.2885872931616558 -0.1017758009180453 -0.3706443680679735
-0.1941927163960738 0.1884362794414536 0.4053027672635094
0.0559919572171198 0.2306205317371943 0.1006956333867375
-0.1096273441953117 -0.2105374950976543 -0.1006217597410026
-0.09495197237670128 0.02490042004289938 -0.4445533033856207
synthetic_plant_39	6
0.05149008125078436 -0.3480806313982091 -0.3127597016824933
0.4639697036206767 -0.1018907596886333 -0.06554142769617993
0.4281792455013436 -0.11252787092681 -0.1464579010302702
0.3514843222918369 0.04611443361785872 0.08358213657466651
0.166064496802768 -0.1044585951897193 -0.06821838664038238
-0.3838524755706657 0.09648777020328658 -0.2357634077526785
synthetic_plant_40	11
0.145401959163037 0.2823470109024194 0.236834689630863
-0.03026429494259336 0.1525194006268196 -0.2776771132006529
0.07056626300760305 0.3915810105591315 0.2847734532865387
-0.2893890208077937 -0.05887772935568825 -0.2795435026008233
0.220057920177201 -0.1522867252242562 0.3416160062916891
0.08339134337818199 0.3464915967199449 -0.099071459929228
0.4432508182237244 0.03718905881105905 -0.03251074677180477
0.1050112039868273 -0.232845880639685 0.2187622538893874
-0.263593166580358 0.1341208035167881 0.06804021067320709
-0.132317595475039 -0.388561721764781 0.05487760067815006
-0.1741607750597955 0.1614739152801613 -0.267805149937776
synthetic_plant_41	9
0.02461064421835035 0.08150379270886066 -0.4176616061753657
0.1375422348613672 0.3190945082825742 -0.2395994381342209
-0.2104930453785926 0.2681988841580799 -0.005048197838764645
0.1093790528047746 0.07978097859289257 0.1763068884478922
0.08089881065261828 0.4535173403145349 -0.1563208105709294
0.1226964422584933 -0.2758961347710454 -0.3208874755054399
0.2183161873073283 -0.09479492441219084 -0.04680849949018767
0.3475666982540528 -0.1960610745578894 0.1801023157860796
-0.01810169488178259 -0.3589474739034145 -0.08590836509046318
synthetic_plant_42	11
0.2441673159353279 -0.2679426282076443 0.1892790389563708
-0.09603783447212799 0.01433675180949856 -0.01328972817251428
0.2253690190230798 0.1466968496656947 -0.3435128880767065
0.04931471639118734 0.442990593176352 -0.0772938053514205
0.3297705246933076 0.3161337013051361 -0.1839324501795966
-0.06524037470251226 0.008631130714078727 0.3203316434741899
0.06605633661273624 -0.1911792288723727 -0.2770110257457233
-0.09255217811716726 -0.09966934729388333 -0.4412674671963623
0.2487541671975669 0.08002623907932027 0.04857062934345013
-0.001477000010688456 0.4881721959992736 -0.002121228720242341
0.1129782913801264 -0.4304832911720496 0.1848297669304485
synthetic_plant_43	14
-0.1151017395996617 -0.2588224101660784 0.3992473397118059
0.04780139621856616 -0.121865131168156 0.2284282950259547
0.4178482588209428 -0.1716505830399573 -0.1817549306375971
-0.1356307486440761 0.3587417757913798 0.01483245821545642
0.08823896023974775 0.1684227767173263 -0.4005397651305829
-0.1777605645770296 -0.4576341860772991 0.07604962610014487
0.3917796720223712 0.0415692298265733 0.1633942610353462
0.1263717875728009 -0.2419625376322909 0.1071220926494432
0.1774779368591954 -0.01707243703457717 0.2126567088907642
-0.2025052102193641 0.02283953697797092 -0.186972637110019
-0.326713345283839 -0.0492445621050302 0.1182699113520564
0.161451012034551 -0.1190722970866264 -0.4253166646454832
-0.118709518223488 -0.2708005566454284 -0.3220875673359883
-0.1032026087854811 0.1718932600588464 -0.273629018141294
synthetic_plant_44	10
0.11295418189608 0.333549927562547 0.3174953953279939
-0.0608866651532417 -0.1857817147201892 0.2344870373788656
0.1917348778728899 -0.1425042175317269 0.4068105654890414
0.1614129068212085 -0.1107342855198765 0.3687964070872953
-0.04531612385982486 0.0159465426806159 0.1192399216499342
-0.1560728624869073 -0.3223931538130036 0.2693989898879053
-0.3731145772812433 0.07123861035486734 0.0651833415361589
0.4072223313483203 -0.2684883644902197 -0.02645477261494172
0.2339351482390185 0.1362275789303938 0.3607561576623791
-0.1149512088151364 0.2058366072917538 -0.2000852281196354
synthetic_plant_45	13
-0.09687841925937807 0.03054667062680105 -0.0891850400743413
0.2987726732443117 -0.2513977315705438 0.2824539611184954
0.1729708435078423 -0.01921136184580763 -0.241850809976158
-0.07922883238468031 0.24657571189296 -0.1652037194120252
-0.1689870542059856 -0.2792510957424818 0.3067784968214305
0.2823751166862205 0.007703686157468859 0.1129559444835688
0.4534634399942129 0.009087359881339352 -0.1150025973584526
0.2900107889044905 0.1227928971688074 -0.2689293323813299
0.33586153378524 0.2256969681699845 0.2700240501157651
-0.146483867547996 0.4048912455162016 -0.09737510398219718
-0.04295163207819824 0.1963871701841086 -0.3020219017475527
0.03165423414087865 0.1955179789297727 -0.1207774599430711
-0.1685257724795132 -0.2362050343586847 0.368927496094827
synthetic_plant_46	5
0.217377290446928 -0.06090365065010694 -0.283197940029826
-0.03142063607188295 -0.2218873390473377 -0.0762915233868105
-0.1642951455005418 -0.03001897977075679 -0.2341017085562013
0.4373649556799728 -0.1513133887914364 0.06527287429955686
0.246316209067435 -0.223691077553703 0.2776925252853845
synthetic_plant_47	7
-0.3619480324490183 -0.2690895933893649 0.03889861633507996
-0.07625260876191364 0.006832286231252982 0.2561614296430438
-0.08139160253543748 -0.09721415282608525 -0.03729523445817418
0.0001124419824349854 -0.2385231891331712 -0.215708263425696
0.2129889693100474 0.1793255402091506 -0.2611710189650997
-0.3579553065752734 -0.08391387842884529 0.1904091077199708
-0.3003534060983145 0.2364993137776242 -0.08617148685100617
synthetic_plant_48	7
0.1481606753342994 0.001304349810971606 0.2293035606015331
0.2933200766735534 0.3439708277104861 0.1046036851339464
0.1922889682796235 0.1889993593974648 -0.2559984525690998
-0.193184352440905 0.01415187538467344 -0.2021697997055037
0.1942851076445122 -0.2729488313562022 -0.1682392405759185
0.2521849806582449 0.07815214637361889 -0.1608460854851503
0.1734307212100932 0.09885899253250341 -0.2525195969629441
synthetic_plant_49	13
0.208545170645583 -0.04071960132072133 0.3248433983210361
0.1337399043382317 0.1375174064855751 0.1789267533548429
0.08101669094501551 -0.0770189194946318 -0.2736028954364017
-0.2827141313707795 -0.2401387285662453 -0.3265218237851303
0.04206986939939417 0.0997497613230991 0.05312277206997729
-0.03607220605921907 -0.425302047386855 -0.1658198128289438
-0.07588040450534861 0.03536102847981315 0.1940825449257123
0.2482226593523192 -0.336454798463806 -0.1574752051022221
-0.2807700970623315 0.2756667999205852 -0.09282387299701961
0.2002103206744484 -0.01461486529473666 0.116808666841632
-0.1654832740753723 0.2091340320046368 -0.3266561663281191
-0.195309833867469 0.08133523464158265 -0.06220605536272072
0.1945649808964538 -0.2441571165793088 0.3775435373866464
synthetic_plant_50	5
0.2603567955541155 -0.006757971479000258 0.3161875402961862
0.1193229198608091 0.1303536008212257 -0.2325387695042911
-0.01902594178491146 0.1025989653282009 0.3533399906290329
0.1300748142757706 0.1483675595675623 -0.005718609744404801
0.1130359607902461 -0.198569664616828 -0.391652610952169
synthetic_plant_51	6
0.2488840144711251 0.03075902198758496 -0.3460227044518309
0.2644351009106282 -0.3197823613604882 -0.1755917753970739
0.2303960391174219 0.1219153480007295 -0.3757249933914011
0.17470345490923 0.2377260378513171 -0.2228425153429421
-0.2487201902667232 -0.175803078833711 -0.1975350136997715
0.001703845750580579 -0.06996653493895055 0.1641550953115737
synthetic_plant_52	11
-0.09480438955256315 0.1114815304679185 -0.4089733765935137
0.3198939177711647 0.2675702746732119 0.2737675811912884
-0.01244856243044845 0.1166499629259868 -0.4402570053805722
0.1542984179411788 -0.0462693121001152 -0.4644283869330255
0.003587885398261381 -0.4273775779486451 -0.2170206473579152
-0.3995795555500171 -0.05228588884846569 0.1501002881752106
-0.2007176817665729 0.161694489926927 0.337770308756697
-0.07343070573042826 0.1292745905821705 -0.117464303307906
-0.165260809095241 -0.2661382845454484 -0.03996424024360384
0.4201438060176683 -0.03097908985988501 -0.08511996465200578
-0.06767950259910721 -0.01991374229209447 -0.2760028309804487
synthetic_plant_53	11
0.07140065794344963 0.3206255722865579 0.3089703602022402
-0.3132624278312452 -0.3077017605955499 -0.1032862267107763
-0.07476115642751691 -0.2449025809759561 0.03068124326632671
-0.08883611735042102 0.147512132241108 -0.09418557669716326
0.1400742616110811 0.3851479381862123 0.0570570278082756
-0.1982635879503482 0.1145591323189744 0.1582701122399998
0.1287813454211065 -0.4053211718377 -0.1829429018241788
-0.1642333133909391 -0.1300232908861261 0.1708038244959765
0.08902938365998436 0.1890217656160432 -0.4264027007779207
0.2416763197979727 -0.2201858957421249 0.1849549038530257
0.1102234473473392 -0.3050212715388128 0.3792273376011107
synthetic_plant_54	13
-0.450261500628955 0.2039055309398538 -0.02841115800890565
-0.3594459303931088 -0.1158451161265325 0.1272648776560157
0.1011626693063402 0.1571674170222467 0.06877319853516728
0.08989520328269274 0.4476213664369691 0.1314129868585511
-0.3729360253435114 -0.06568842945719411 -0.243046129320067
0.01815681678662329 -0.1335139723866564 -0.3097965202420161
0.09831046702879997 -0.1755435442302856 -0.08117186057370962
-0.1826599125283388 0.05756489003635956 0.1433555603718221
-0.215994118855096 -0.1860937378356919 -0.3046705984313285
-0.2653288002931259 -0.01218687664852902 0.01956364694792656
0.2846310989952352 -0.1595476243425887 0.03846337317503545
-0.009651880583610106 -0.4192627682652116 0.06238065510949975
-0.07134608073497695 0.1365544879705017 -0.2620488137129748
synthetic_plant_55	8
0.2088903712140346 0.1162002474239744 0.3435578200676063
0.1066765894833293 0.0199792015309469 0.02596026993776357
0.1417450745993935 -0.1895382374592145 -0.3144390572069368
0.2297174029679346 -0.1075447060426545 0.1030211799350204
0.3276067347100666 -0.2518378280982403 0.06543414662253733
0.1213638949320988 0.1674891282340056 0.1472268827860728
-0.07070102283875918 0.1321958507104837 -0.03571154648296476
0.2094617376330119 0.3584073671829248 0.1581707447885646
synthetic_plant_56	9
0.3467323628826822 0.004415501562971214 0.1438434578458597
0.314210790874016 0.3591105625845122 0.04999172718113187
0.171835629290756 -0.3698923897680674 -0.1767645698352033
0.2882810020838221 0.1476876362558679 0.06727657869622594
0.2946787070800332 -0.374643051269862 -0.07508431694030171
-0.2584115493074615 0.08912070498285163 -0.1757390335662467
0.09995688573823036 -0.2483146652577734 0.3334985591710223
-0.06256472089262233 -0.0339669861226688 -0.08533636123289001
0.2524762633516762 -0.09377155933418863 -0.1479698509452546
synthetic_plant_57	9
0.272195636127054 0.2683075080402304 0.1218484309167049
0.06154241822749862 0.3295887453472499 -0.319550881954368
-0.05488498482693432 0.3241614175202767 -0.06216214860665703
0.1853152782536558 0.1072961734928506 -0.3206207857308527
0.275908653343494 -0.2972561815397006 -0.271028079717476
-0.1934977029045817 -0.09426849504927243 -0.2813253175342947
-0.4628231404768832 -0.1551376134198156 -0.06567358677206764
0.3160654417438764 0.2881657257128102 0.1658805779080849
0.1775486208064405 -0.1515516484812117 0.277731469611027
synthetic_plant_58	14
-0.3155581810074217 -0.04328582695936561 0.1748306313351926
-0.2824846838043504 0.1030679906785996 0.2678474069353166
0.01743332052233315 0.150272759096555 -0.1894636119117893
-0.1153777966274341 -0.3596453810387704 -0.2213894991047853
0.334931254726312 0.04804666454011863 -0.2157665718770754
-0.1776235175392972 -0.06086271470651039 0.3490278543251225
-0.2129455740953444 0.03768075864078213 -0.2015038325530577
-0.007617743493855744 -0.1801347343147019 -0.00511395958015598
0.09142673058865824 -0.2837239490176943 -0.2920240867852598
0.3610375220713282 0.008856780262204378 0.3136928036972335
-0.1487991379645981 -0.0281085664768892 -0.292109732196092
-0.4426701115733578 -0.2011478720625682 -0.06165396759074648
-0.1353588363731018 -0.3676413868630152 -0.1139295081047347
0.1552211445065691 0.3995559375782651 -0.04833713668519446
synthetic_plant_59	15
-0.1816723893072836 0.3866693647946313 -0.158965842134575
-0.1402336963164733 -0.0118217827835993 -0.1944368424640152
0.3559221716753376 -0.1054318585262623 0.1235749471466406
0.01760245709841624 -0.1613176876947159 -0.1454541145160441
-0.2852408263784333 -0.1688292884940392 0.3046971018240292
0.1068131347305898 -0.2511036784211126 -0.1465183040359639
-0.05140759512808823 -0.4648070491285232 -0.07235619814408079
-0.259318596624453 -0.1456721855286885 -0.3876825500167653
-0.04404531557517394 -0.05623647330225401 -0.1486327443861265
-0.2144701987531503 0.1280926391314929 -0.1771886820405835
0.1681841037993709 -0.02155553650599784 -0.4356215350394849
0.01436727708382179 -0.05728269510508982 0.3645905739050141
-0.1847091442394863 0.227534300770879 -0.3074467161640865
-0.220894756005871 -0.004111765646081567 -0.3534108827693808
0.02536737651461307 0.03584119268841879 0.4942540902884593
synthetic_plant_60	11
0.08866520622789398 -0.1585728485229058 0.4354777619720802
-0.4595093573868382 0.07290827363152708 0.1186666405208546
-0.02006511932314148 -0.1880033704094684 -0.02061616724786097
-0.05888238378906963 0.4219729612144552 0.1542934945468752
0.1356079271347963 -0.2462053525635368 -0.03934309686336757
-0.1186365818434992 0.2405738547951377 0.1919522016467556
0.01668161933309242 0.02633960426714232 -0.2938935211412029
0.2149627437228124 -0.3230916152326669 -0.06912508892424413
-0.2132151561057488 -0.007114858193856433 0.3102689038664417
0.3224963266609383 -0.181227097717735 -0.2010395808171375
0.06039622268231404 -0.2418280619832784 -0.09425687561572416
synthetic_plant_61	6
-0.2237571878423772 -0.338366059386766 -0.1155748224578851
0.2398432198687339 -0.3203696937899123 -0.1698985584789307
0.4441184822347274 -0.1020861575493798 0.07057292178221319
-0.2242491151726412 -0.270850957882968 0.2364546042395718
0.3686047839404979 0.1753451361199097 0.2033213480746106
-0.1894030770660763 -0.01490289000511924 0.183403430321204
synthetic_plant_62	12
-0.1428644349930207 -0.1511839618126273 0.0279709876208043
0.03135700114069018 0.09762100111106242 -0.3726170874032816
-0.05392267649389237 -0.1076298302649271 0.3477928702314748
-0.2745046698868036 0.2016793842626977 -0.3086549402185083
-0.2444355034781183 -0.2137281998674821 -0.2026717124021096
0.1897775482742139 0.1991819250562287 0.3264387525378134
0.1937779101368831 0.2157328704968937 0.3591169576408786
0.3224882266487827 0.09378416755873653 0.3456842382132813
-0.1872049101702435 0.375442153939742 -0.2122979671079777
-0.335219182924947 -0.2974287303227402 0.08905989404571435
0.2619416553616484 0.2269519097044559 0.2123184833065483
0.009724100309703276 0.04508953379494018 -0.4342561623983451
synthetic_plant_63	8
-0.3212623366886193 0.005462041441333443 -0.168703677100412
0.4080139241642771 0.2182907624489576 -0.1818931650830792
0.1444703056161264 -0.3537371255223857 0.00865426503957889
0.0196792300821641 0.3601642195219201 0.02932964913557556
0.3495250122623643 0.2560921347068132 -0.07248879107786399
-0.2637417559803656 0.0867892994685765 -0.08871489979518254
-0.09341025942289943 -0.1842366662007111 0.2408015814341619
-0.02977064798982898 -0.2748519973423968 -0.192004666715875
synthetic_plant_64	10
-0.1011516296588465 -0.1932710401315165 -0.2937729931937707
-0.3795804712214919 0.1576817359677775 0.1107585170048023
0.05949691125633705 -0.1222589402820512 -0.03114135025903891
0.08374606736119872 0.3258453148890886 0.2431035933336553
-0.2964136298776154 -0.2434477017274213 0.2491577945809013
-0.01158295689466238 -0.08972514247288793 -0.2143238766069125
-0.1520359385704539 0.1252293772152715 -0.07933438113621388
-0.1275706055902689 0.1480629969293441 -0.2145989181423401
-0.02979888508676964 -0.1220288598969607 -0.4550990876165868
-0.0557516750670618 -0.2599331690036355 -0.1209144264826313
synthetic_plant_65	5
-0.1471289232292743 -0.2754986716201658 0.1035174033866136
0.09245130962395565 -0.0631944911747796 0.06949398538384555
0.1235925942206065 -0.01903509942540166 -0.06113368975273603
-0.3076870018866321 -0.2432169788925657 0.09149031279405995
-0.2610020822473402 0.1890444575690829 -0.2985224464347608
synthetic_plant_66	6
-0.2992627034885687 -0.1368195122325202 0.2297164687329502
-0.4306216144947608 0.02117777634126095 -0.09165627806211313
0.384679440504436 -0.05572654874611738 0.1837193606862565
-0.04274140089719464 0.1814278219007899 -0.05712169556291175
0.1872636982003173 0.4551329494330042 0.02600127846238476
0.3236106280076408 0.2540815372802727 -0.2035878635536398
synthetic_plant_67	6
-0.3400434804466462 -0.09762726617313255 0.1564531032350257
0.2239236811431682 -0.3012408837495518 0.3114619839757519
-0.2328603752345155 -0.1351790256414475 0.3413019327297888
-0.06452493544226573 -0.4212364822410566 -0.1035878449010776
0.1305216248988297 0.2625789174717746 -0.3180018086427741
0.3089126275280001 0.03783382975073091 -0.3101338461271588
synthetic_plant_68	9
-0.1554862140562474 0.4540847805223808 0.007039293438931171
0.0758148677147199 0.2191584507728652 0.059552268936095
0.3930810540008968 -0.1051514260165518 0.05918524446687368
0.1909649043514453 -0.09125503198422996 -0.03037091038400214
-0.06672204902788559 0.4407447579685901 0.03747127495121583
-0.05351570605895445 0.428566550167091 0.1950060797282198
-0.01761018135533671 -0.04392559819741726 0.2836589052254423
0.003741019380760435 -0.003186478227542033 -0.2182821824518193
-0.2692749755439582 0.1915566500714529 -0.3388004607201793
synthetic_plant_69	5
0.06299625148705346 -0.01942624818815469 -0.1695750737698941
-0.08534471877950911 -0.3658306720511971 0.05413340341076167
-0.06143955500750226 -0.0984708589258978 -0.1519169267585743
-0.04752794454734682 -0.2018674580379259 0.2654325975534738
0.2304466027494834 -0.05399616757347531 -0.009569908040975683
synthetic_plant_70	10
0.3066462699982595 0.1594886662449946 0.3433933613042748
0.1362775551671598 -0.3259971151476499 -0.2596443460560124
0.208256795482524 0.09158536529517913 -0.1807947706413801
-0.01426090858828505 0.4590903606574742 0.1833675964701795
-0.1919599004301807 -0.3889440790816252 -0.1810277920535313
0.2974237557427567 0.3327261854562851 0.1008346981794175
0.05474745473693277 -0.0541361183627227 -0.3611591395906733
0.2857667454227963 0.3095342412936382 0.01227579190530559
-0.01817281998261011 0.2588065490909699 0.1689816602152073
-0.1613492081206561 0.2671368019226602 0.2404949028406248
synthetic_plant_71	10
0.2448019697728844 -0.1041962604004986 0.1020467490453449
0.1888511902604292 0.2251662164083207 -0.2620456858417394
0.2961053202489564 -0.1355687908034018 0.005070694527389064
0.4126206729551771 -0.08206748380180412 0.04743741431379023
-0.01421721252780878 -0.3229740866577161 -0.06334249288211685
0.2546493024200359 0.2557473205356202 -0.07746858002475293
-0.2141175845120483 0.2528269929922168 0.2449816161320841
0.1458849733435693 0.3051903771948841 0.03821841997877262
-0.1920094870161548 0.35027289837225 0.2109530549808137
-0.4326528058848929 0.207861131992956 0.08294794983291942
synthetic_plant_72	11
0.1437418902767267 -0.1225428114593076 -0.4592537650634803
-0.0530604297346044 -0.04842804443603338 0.4657428061702948
0.02462876623177102 -0.2291230659286526 -0.1047347127981321
-0.2615095292262947 -0.1102343553832733 -0.3279718501795321
-0.1615181854432676 -0.2236661705069293 -0.2319298214969654
0.1615066857894618 -0.3990315879275564 -0.1196585769405195
-0.002493675545251595 0.4379942212369917 0.2109453391366759
0.01808118346389787 0.2038753833418391 0.3703264070809242
-0.3105137494600175 0.2776099257645331 -0.04087234261869344
-0.315451750248673 -0.08189925488395405 0.04996009455415007
-0.1594134586461083 0.169871358643691 -0.2504015632917663
synthetic_plant_73	12
-0.06927654538122058 0.0759725543272789 0.4744841781802106
0.166747398048621 0.2084611831079776 -0.1781593090699238
-0.04481238761035566 0.2330465494083537 -0.3675869690484385
-0.2333948297984128 0.3441677626566935 -0.1135244512183334
-0.03770066299318647 0.1622990285595056 0.3529852309192435
-0.1860420911177684 0.297103442143364 -0.05164106578502026
0.06288101897499421 0.0386001093436602 -0.1750838486307786
0.05626188208409444 0.3238976371643176 -0.2556191734628783
-0.0390185110328593 0.07161588515046724 -0.4108082207152873
0.01992683588027411 0.08715924455137936 0.266633374446173
0.4375393867140058 -0.2173454510319669 0.06118264344024638
0.09709466710050585 0.1050307790514721 -0.3456580263420039
synthetic_plant_74	6
0.3321910725005633 -0.2174804846122769 0.04431959897993598
-0.08114947570121939 -0.2001299800397727 -0.2622765183212344
0.1145819101396431 -0.325301723547976 0.2187610350802816
-0.2549417804759589 -0.09237485636924109 0.3768855287497642
0.01041570383876123 -0.3262505482456337 -0.1428227424604203
0.2339066756405158 0.2589307893937929 -0.1314239314726217
synthetic_plant_75	5
0.03223431687336209 -0.07225716795179021 -0.1445956975105229
0.3586260780766141 0.1067592518467956 0.2015735890384255
0.07821065235075331 -0.1980862027266574 0.1971119794680876
0.03443636437391118 0.1022478909791064 0.2862585567943162
-0.4095482966298895 0.1331938632554635 0.01359634221109041
synthetic_plant_76	14
0.2253035297827771 -0.02929093392418258 0.1676895372963093
0.1965276248444086 0.02862922358386599 0.3745390270751934
0.4665569782799158 0.03164347439005777 -0.1218277015337063
0.159644593421485 0.3494127955006769 0.2423799821350812
-0.2592669605540053 -0.2671310109631299 -0.2326627543457712
0.2018315024135044 0.1096766145182185 0.1736330096525976
-0.1402535527106007 -0.2321998128188381 -0.161629389985312
0.2703877880828129 0.2590178285608641 -0.1052842862250741
0.2174182824268507 0.1544916374169789 -0.2880078144027167
0.1891139751839226 -0.1484212722018599 -0.138998477028953
-0.01367447797625526 -0.4782740435577384 0.09410998671956938
-0.2973968141966017 0.2839526490824724 0.02029246403582652
0.09018636709390138 -0.4059718750988867 -0.2540357685819733
0.3756026114314174 -0.3059441619292251 0.0974002839201471
synthetic_plant_77	9
-0.3750874902990782 -0.1773530283118315 0.1563359055346436
-0.09802297280279682 -0.3769877093046438 0.215073179253696
-0.03729505575516695 0.1915119680056671 -0.330927329436829
0.2748061011832724 -0.3837271429383363 -0.001160065161816271
-0.06884702783664665 0.2843851983315118 0.3066050635177301
-0.4363734721314147 -0.2230310208466277 0.04155005173056692
-0.07605797957454069 0.1098426068796235 -0.2711282531958866
0.07145494581105938 0.04320325421325 0.09477504041991791
-0.1818371298828649 0.4385442948490375 0.1350582428758507
synthetic_plant_78	7
-0.2844938593145934 0.260887609937293 0.3126142132021241
-0.27527923280518 0.08885420678083811 -0.05579778575517547
0.003336095496566105 0.1971202475130056 0.3319419143936632
0.06669695679508791 0.3115520626745059 -0.137848799394642
-0.3152152677878114 -0.382114323830979 -0.06570428399374906
-0.1841058953713269 -0.3598439755212606 -0.2192735551993805
0.3264033013148575 -0.3772166257985584 -0.02207229401033767
synthetic_plant_79	6
-0.285235816369991 -0.3430278151514807 -0.0144525059862638
0.255579731898025 0.2535511126474378 -0.2513640466504131
-0.3458400293167015 -0.02700900592815259 -0.1509128408318845
0.4538521936347059 -0.08153253365584839 -0.08254327280255647
-0.3163921210935795 -0.1095998315013622 -0.006975929052205898
0.07152335667896181 -0.1228527511014932 -0.1197791844353612
synthetic_plant_80	15
-0.1479144707930921 0.377852998575451 0.2596071382990808
0.1196863765247783 0.1505203367454676 0.4020246818004158
-0.2546402523283769 0.02271991426772768 0.3669112296137191
-0.2606681224034232 -0.1446989606127768 0.2196613609718904
0.03421107199640949 -0.4302512834299906 -0.0389597729323739
0.2172686194065834 -0.2895926178829605 0.3291605428131475
0.1774264750310163 0.1181904202312729 0.01349874011791374
-0.07933834861643962 -0.06532286638755835 -0.4521247660616028
-0.3679506397853478 0.004170319194770511 -0.09332060327172548
-0.04236893354386873 0.03670983965097385 0.1582784086467101
-0.3247689485625659 -0.2173950675508943 -0.1304160053172582
0.3008119136354712 -0.01786171620360316 0.09136544769061083
-0.107508135333106 -0.3440386796199634 0.2590179886061087
-0.1728517999004858 0.01178387588940533 -0.1227281297955604
0.1848659225155712 0.2325944594155558 -0.2451156661204219
synthetic_plant_81	15
-0.01192182510565765 -0.1904975039069126 0.02154827410988647
-0.131582866240371 -0.2183754471748263 0.3962153705880005
-0.370828883150225 0.02392332331255576 0.1045981523086891
0.2104279019777552 0.1668765566435767 0.1481164292180778
-0.1526735941183053 0.2942887556470011 0.1554356562557599
-0.0510343114791097 0.1053526186009281 0.02496481120428351
0.02171750856174648 0.2562888806541253 0.3547694006201711
0.2680544542541291 -0.1849551199707615 0.2888936976432246
0.314583333463601 -0.02525218314366034 -0.1430387944786644
0.3285836962437746 0.3029720927075541 0.05598324577363889
0.1653628862567827 0.1490909877081054 -0.3424515206597694
0.1239294995845994 -0.009406222142458787 0.05910896662257348
0.2292039175046755 -0.03509616103586799 0.210504552101633
-0.04128508120402669 0.4197262867159871 0.1260632102052248
0.2345959997712275 0.1463663102550562 -0.4049925861483681
synthetic_plant_82	6
-0.255923688785241 -0.1133793173579177 0.2224833051789843
-0.3336274334412548 -0.2790895740956934 -0.009802294386195065
-0.1179906272966703 -0.0768350449260623 0.1549583123328384
0.3445323607090826 0.01293697280057027 0.008505977099073747
-0.3871438855243459 -0.1071780480191011 -0.2557946528039323
0.1487141535801411 0.1360197524285665 -0.2816174531391842
synthetic_plant_83	14
-0.01455931575887498 0.1884618671397785 0.345573603544701
-0.1352312902237139 0.2088067136390361 0.006529214650555781
0.3476204804785799 0.05137796506290959 0.2041806461376525
0.2991562240321214 0.106394044573668 0.3453078654441324
-0.02601667990120932 0.08589701107201864 0.1271122423675302
-0.3994058271006213 -0.2075910017257995 0.06847923163697167
-0.3012396803827315 -0.1190618381828338 -0.3006322748098165
-0.06166587985350164 -0.07824392467524555 0.08696685049625219
0.3031207867145302 -0.2116135375607733 0.1932712905505707
-0.439653558123472 0.06917632042129063 0.06750397304513867
-0.2452522048696226 0.2688306573073843 0.1772933871834753
0.3645559409741757 -0.1390442411218847 -0.2250883474151347
-0.3145780485100954 -0.01031268424058435 0.3304480954628634
0.415121492359393 -0.1558605738386691 -0.02403666570901436
synthetic_plant_84	11
-0.2636581936054062 -0.2118523107089927 -0.2211180592251181
-0.1119411948252245 -0.1031718579503778 -0.443292591772075
0.05267641315705673 -0.01363292095319951 0.4540069212053648
-0.3590310102378409 -0.02664951894258699 0.313506618451162
-0.1607959335913107 0.2628484788393278 -0.1575947081191273
0.1215163076964498 0.2131220638496598 0.1571715294173325
-0.19475186170602 0.06906090771710427 0.1222044610186723
0.3798231822699035 -0.1021805244437886 -0.0559596847275915
0.2465474817123884 0.1620624738268388 -0.2708401981834686
0.319874064185363 0.3658165510691593 0.07117999735825764
0.126856654893725 0.1025399729393888 -0.3441945254692967
synthetic_plant_85	12
0.2722997446391476 -0.09359837856099812 -0.1235454136188927
0.05877368379332304 -0.2376220783112183 -0.4261086646936003
-0.0948998749307598 -0.3335231168100811 0.2184626864312146
-0.3826740438307095 0.0688679366454219 0.2352821044262519
0.03790982492288575 0.08255685000491764 -0.2114157925600322
0.1806126418137195 0.3072367889577736 -0.0816443447520076
0.1799289343792129 0.154679494015977 -0.1741078821812712
0.2232645877260875 0.02287142540131526 0.1957066978644804
-0.1815003165320304 -0.08975083717179916 0.4085667013000505
-0.04151076136207338 -0.01699292449094908 -0.3293700879832673
-0.1691255393533295 0.3210596500646665 -0.1375997986908508
-0.03320462640554073 0.02644062830544813 -0.1736913116397604
synthetic_plant_86	11
-0.4195925515621831 -0.08501598092056001 0.0367561550467953
0.4082639323594868 0.1162615094028154 -0.2024724429216911
-0.1066973318535966 0.1071141547135568 0.1497261006917573
0.2594621887485331 -0.03312852643131747 -0.1875400493587144
-0.009375832288800789 -0.005401031972518122 -0.3497430073736042
0.2911159999008448 0.3792292502702447 -0.05466797923962108
-0.1577892702206806 -0.3276406087012484 0.215144668622924
0.1298059301053179 0.01870155353730851 -0.05430414652494331
-0.2167451899944282 0.010551014816084 0.373129625455829
0.02250874232580413 -0.1866785815111545 -0.08352893013899676
0.2104226775604476 0.3260937391594164 0.1038042054721987
synthetic_plant_87	11
0.2377053283639076 0.0630962481139874 0.05995004869739518
-0.2744894452148872 0.03088806227942309 0.1533560550580095
-0.0207902524384575 0.07680812341845644 -0.4854333422400263
0.04362441323204125 -0.1335176057706571 0.1538214702826202
-0.3293458441873255 0.297186108760767 0.1208667173389156
0.01221597990140755 0.01717178383138929 0.0190619172511497
-0.3280502466713545 0.04345329289619848 -0.02441899847222284
0.3695883118585996 -0.01443299900049055 -0.108442093468374
-0.2256533856171082 0.1821727850320597 -0.08854474782027333
-0.1387639295217888 0.284459419609378 0.1839766165298923
-0.4405196699276334 0.1761268931260894 -0.112060989908992
synthetic_plant_88	6
-0.07347678861933415 0.1720570836144705 0.3123137851178254
-0.1095718790105788 -0.0893740583363925 -0.425649001697203
-0.2128771509875783 -0.1712280054132151 -0.3193104822309451
-0.1714103580288646 -0.3962909503660628 -0.03460012730491502
-0.05363248799512188 0.3335525936439691 0.1866716863742646
-0.329507395542718 0.3591099936120106 -0.02466362425582169
synthetic_plant_89	7
0.3611338784019968 0.2950497390779946 -0.0886315229269351
-0.4152373988329002 0.01984835574634436 0.1192905894816368
-0.08517425299333731 -0.3100073562426762 0.02349604779214032
-0.3091756028480548 -0.1096931259022949 0.1313507238657482
0.03667685393538178 -0.1635335173510543 0.3603011239442914
0.08168118469587193 0.2913941895245852 -0.333351266439173
-0.2433437400300172 -0.1027045284399873 0.226438274675349
synthetic_plant_90	13
-0.1182512587147893 0.2691660086126667 0.105838162417129
0.3311158011520519 -0.06160713657964595 -0.01997713199917317
-0.1314148959438643 0.3145781337529727 -0.04830938869429247
-0.1496101268194251 -0.007278389769700522 -0.2226257143853588
-0.05156700823986526 -0.3353930452082964 0.3464444191604538
-0.3944378351270257 -0.02032834682892903 -0.1703533033927204
-0.02258242418744488 -0.028550072680537 -0.2571364925592826
-0.1591948392469543 -0.1499878775626075 0.1940009141916705
0.1941686995487266 0.02262170094597893 0.03332023289042674
-0.185596902005929 -0.2405925200656085 -0.01158539627525002
0.1528289702750087 0.3441513726599336 -0.002675361193297254
0.3400134550182863 -0.1732060847270352 0.295516046091527
-0.1766406928832027 -0.114753172057677 0.2814511622660446
synthetic_plant_91	11
-0.2825099209724795 0.2581350378925208 0.04532889516109317
0.07751212301483179 0.2853691125679448 0.06550477383960962
0.3614298153380598 -0.1339792672058066 -0.08261131891549423
0.08614585684562781 0.1392532357980766 0.1036124656968214
-0.3807693249848286 0.006499339038489205 0.2013963890750904
-0.1468490971488826 0.4070201730827674 -0.1364256775045799
-0.05179879759343914 -0.02732200912527177 -0.02976696842314386
-0.03070939635519837 0.004716679151698711 -0.1361775641230004
0.02113598356541901 -0.08026342299574835 0.2791210711634601
-0.0778526855611768 -0.09990810436750969 -0.3135980143530835
-0.1506763316512199 0.1880992658419438 -0.05953742563289394
synthetic_plant_92	14
-0.4765317560293157 -0.07372015534119525 -0.05890269785980556
-0.1203128745515666 -0.09704691832329637 -0.2502120226828439
-0.1918948377365875 0.1055092901882883 -0.3741883161516925
-0.3439356678985505 0.1382458626333777 0.2495181702251199
0.1414974958249723 0.2397177514672969 -0.1630478047484139
0.1170879696836287 -0.3901923941079599 0.1115575306071234
-0.1994988700796801 -0.2143739563942658 -0.2105799524757105
0.12781883461331 -0.2543141258806725 0.1689680874010272
0.3048563379845788 -0.3333271374891313 0.1031407007730027
0.2046116092134026 0.3369235957414199 0.2352993795328759
-0.02089630533183706 0.2922395684522948 -0.3675119114730223
-0.3890836024475646 0.1399398313216952 -0.05427087249777013
-0.2167935314030691 0.0271269240332721 0.1961585561817036
0.3792697644993422 -0.258639204977743 -0.08664429357431902
synthetic_plant_93	7
0.1769197903973906 0.03305488523156186 0.4569586634970784
-0.09717305744384463 -0.3088112831153441 0.09398318302969744
-0.187770378116442 0.2276031091399277 0.04696196422462784
-0.304718539136154 0.06194823017847007 -0.04629035367996426
-0.08370610659496092 0.2517121361705255 -0.01860332908611123
0.3090321940943918 -0.0462995330439378 0.03891401169643038
0.06386741140559948 -0.1520187730033034 0.1926617242936673
synthetic_plant_94	7
0.2360951698004629 -0.1049995290903821 0.1495746443059468
-0.1186460886788361 -0.03342695688494535 0.1052308113741476
0.2830158085599642 -0.1937584600453416 -0.2527164814928086
0.1300173423637296 0.2883196165709622 0.02804050155933624
-0.2788210264606423 -0.02888962766676423 0.003424725617603652
-0.3468048340088192 0.2888901500002405 0.06290309097648172
-0.2383840839184102 0.03802967491548193 -0.2750908530677448
synthetic_plant_95	7
-0.195737715451885 0.2157013490077098 -0.001859015042185219
0.06194663317765303 0.3032719520005991 -0.259099883697688
0.09126005675751969 -0.05150566054059408 0.09395531125307699
-0.1275338817655561 -0.3017931242936959 -0.1869899310320247
0.09144338001692676 0.1218438222687629 -0.0785108594413142
0.3682477942397915 -0.01434456427536551 -0.001173627149051115
-0.07794283156535059 0.1105730221808158 0.1865799207314962
synthetic_plant_96	9
0.03525605537411058 0.0423310446261389 0.4204661584702435
-0.370569712661345 0.2934923995177502 -0.07248229757301944
-0.04045467309899775 -0.2031455473686786 -0.2446726323195615
0.080683875936572 -0.02050317756341052 -0.4416651213615526
0.3831608250622404 0.2018327918986432 0.1732924642367646
0.01088350390872395 0.4322919066270793 0.122391353951382
0.07547919013508497 0.2658760397784865 -0.06052394428796681
-0.1617520512101407 0.1490940313279462 -0.3660487636186354
-0.1981276320649341 0.2838032726489048 0.3062807666796704
synthetic_plant_97	6
0.3124263376915892 -0.04475473292982918 0.243461286844336
0.03350679123179479 -0.2214858909811597 -0.2555038675656504
0.228370568891392 0.2146764609835821 -0.02530726370289771
-0.1873044333781014 0.2367614496265003 0.1722758573850356
0.01021009872128065 0.1263822155993667 -0.464970085733894
0.04279678648706609 0.1677476079838019 0.2410448987186197
synthetic_plant_98	12
0.08429306446419116 -0.06909211785476665 -0.2742545319210877
-0.04499273399950882 -0.2692914561003638 0.3685236681336533
-0.3386936739075902 -0.157139936143558 -0.07925967094275854
-0.2546296535411544 0.2940008848178354 0.176118248126357
0.1974747430711408 0.09773455251283147 0.1125390787560846
0.08265715135529128 -0.2775654417070216 -0.3181032155672049
-0.1292212175193768 0.3932483778864033 -0.006553690728453798
0.1787227121860967 0.2137360125861052 0.3344391129056444
0.2213907716165521 0.0625877567419818 0.180236743655481
0.1092015609945824 0.4044411947867558 0.2486168525275485
0.1263873640182849 0.1580903610180991 0.00596158831076854
-0.05207488084458473 0.4518348073794285 -0.1277400719892503
synthetic_plant_99	11
0.1559158357478493 -0.1567422786475772 -0.2891638519507905
0.3652623158104291 -0.1441419857002764 -0.306353172133591
-0.04121895194528008 0.0398642650883988 -0.0304590834875072
0.1606251837119942 0.2477118359878852 -0.2813711981305687
-0.1490968975140733 0.004551168133735128 -0.4675867265447059
0.1028961903896219 0.4383043508013075 -0.02606066269714968
0.07366321721396496 -0.1317193420357662 -0.3631604803709344
-0.1316323084995686 -0.2967453154839183 0.3278610855425128
0.1549211536270924 -0.2714116135668584 0.2261505583852024
0.3004265223264703 0.005597082484972593 -0.09753511416943506
-0.3556003585853054 -0.1550684166419306 0.03598344939712139
